UTCDateTime,mac_address,firmware_ver,hardware,current_temp_f,current_humidity,current_dewpoint_f,pressure,adc,mem,rssi,uptime,pm1_0_cf_1,pm2_5_cf_1,pm10_0_cf_1,pm1_0_atm,pm2_5_atm,pm10_0_atm,pm2.5_aqi_cf_1,pm2.5_aqi_atm,p_0_3_um,p_0_5_um,p_1_0_um,p_2_5_um,p_5_0_um,p_10_0_um,pm1_0_cf_1_b,pm2_5_cf_1_b,pm10_0_cf_1_b,pm1_0_atm_b,pm2_5_atm_b,pm10_0_atm_b,pm2.5_aqi_cf_1_b,pm2.5_aqi_atm_b,p_0_3_um_b,p_0_5_um_b,p_1_0_um_b,p_2_5_um_b,p_5_0_um_b,p_10_0_um_b,gas
2023/06/02T00:00:51z,84:f3:eb:7d:7:a8,6.01,2.0+OPENLOG+1
2023/06/02T00:02:45z,84:f3:eb:7d:7:a8,6.01,2.0+OPENLOG+15552 MB+DS3231+BME280+PMSX003-B+PMSX003-A,82,42,57,993.65,0.05,36504,0,728,17.16,24.50,25.36,17.16,24.50,25.36,77,77,3295.50,919.55,144.34,7.46,0.82,0.07,18.81,25.29,27.28,18.78,25.29,27.28,79,79,3394.55,974.66,139.84,8.29,3.03,0.66
2023/06/02T00:04:45z,84:f3:eb:7d:7:a8,6.01,2.0+OPENLOG+15552 MB+DS3231+BME280+PMSX003-B+PMSX003-A,80,43,55,993.41,0.05,36504,0,848,18.47,25.24,27.67,18.47,25.24,27.67,79,79,3388.24,942.78,143.88,10.21,3.10,0.69,20.33,28.26,30.24,19.88,28.10,30.24,85,85,3471.83,1011.40,159.76,13.02,3.14,0.86
2023/06/02T00:06:45z,84:f3:eb:7d:7:a8,6.01,2.0+OPENLOG+15552 MB+DS3231+BME280+PMSX003-B+PMSX003-A,80,44,56,993.81,0.05,36504,0,968,18.57,25.70,28.67,18.57,25.70,28.67,80,80,3366.35,950.87,145.25,10.62,3.13,1.60,20.21,28.43,29.75,19.68,28.20,29.75,85,85,3651.16,1037.71,158.66,6.36,2.14,0.36
2023/06/02T00:08:45z,84:f3:eb:7d:7:a8,6.01,2.0+OPENLOG+15552 MB+DS3231+BME280+PMSX003-B+PMSX003-A,80,44,56,993.87,0.05,36504,0,1088,19.55,30.11,33.20,19.30,29.48,33.20,89,88,3574.55,1006.84,184.55,16.57,4.00,1.86,19.16,27.87,29.47,19.05,27.85,29.47,84,84,3508.04,994.22,166.87,9.62,2.75,0.62
2023/06/02T00:10:45z,84:f3:eb:7d:7:a8,6.01,2.0+OPENLOG+15552 MB+DS3231+BME280+PMSX003-B+PMSX003-A,80,44,56,994.04,0.05,36504,0,1208,18.70,26.41,29.64,18.57,26.41,29.64,81,81,3459.64,971.80,151.12,13.32,3.50,2.25,18.60,26.60,28.43,18.53,26.52,28.43,81,81,3406.25,967.50,150.25,12.70,3.00,0.83
2023/06/02T00:12:54z,84:f3:eb:7d:7:a8,6.01,2.0+OPENLOG+15552 MB+DS3231+BME280+PMSX003-B+PMSX003-A,80,44,56,993.89,nan,36656,0,128,18.07,25.00,27.50,17.98,25.00,27.50,78,78,3350.21,937.64,145.69,11.71,3.38,0.71,20.10,28.40,31.50,19.73,28.12,31.50,85,85,3612.15,1021.60,156.73,12.88,4.10,2.00
2023/06/02T00:14:54z,84:f3:eb:7d:7:a8,6.01,2.0+OPENLOG+15552 MB+DS3231+BME280+PMSX003-B+PMSX003-A,80,44,56,993.82,0.05,36504,0,248,16.40,22.75,24.27,16.40,22.75,24.27,73,73,3126.49,858.85,133.69,7.82,1.60,0.00,19.10,25.95,27.74,19.00,25.95,27.74,80,80,3415.40,983.48,145.21,10.69,2.69,0.45
2023/06/02T00:16:54z,84:f3:eb:7d:7:a8,6.01,2.0+OPENLOG+15552 MB+DS3231+BME280+PMSX003-B+PMSX003-A,81,44,57,993.91,0.05,36504,0,368,17.34,23.83,25.34,17.34,23.83,25.34,76,76,3127.42,885.59,136.25,8.68,0.88,0.37,18.50,24.95,25.88,18.39,24.95,25.88,78,78,3324.64,936.89,140.73,5.38,1.50,0.46
2023/06/02T00:18:54z,84:f3:eb:7d:7:a8,6.01,2.0+OPENLOG+15552 MB+DS3231+BME280+PMSX003-B+PMSX003-A,81,44,57,993.86,0.05,36504,0,488,16.78,24.45,26.12,16.78,24.45,26.12,77,77,3213.26,896.78,139.67,10.90,1.72,0.76,17.98,26.07,28.02,17.96,25.93,28.02,80,80,3292.42,951.07,152.16,9.76,3.09,1.31
2023/06/02T00:20:54z,84:f3:eb:7d:7:a8,6.01,2.0+OPENLOG+15552 MB+DS3231+BME280+PMSX003-B+PMSX003-A,82,43,57,993.76,0.05,36504,0,608,15.72,22.37,24.35,15.72,22.37,24.35,73,73,2966.11,829.74,131.32,11.19,2.70,1.16,17.71,25.18,26.77,17.71,25.18,26.77,79,79,3240.80,916.82,134.34,10.93,2.68,0.57
2023/06/02T00:22:54z,84:f3:eb:7d:7:a8,6.01,2.0+OPENLOG+15552 MB+DS3231+BME280+PMSX003-B+PMSX003-A,81,43,56,993.81,0.05,36504,0,728,15.84,20.89,22.86,15.84,20.89,22.86,69,69,2931.80,805.29,118.93,7.93,2.50,1.57,17.09,24.25,25.75,17.09,24.25,25.75,77,77,3145.32,892.56,134.54,8.53,2.35,0.84
2023/06/02T00:24:54z,84:f3:eb:7d:7:a8,6.01,2.0+OPENLOG+15552 MB+DS3231+BME280+PMSX003-B+PMSX003-A,82,43,57,993.85,0.05,36504,0,848,14.95,20.25,22.54,14.95,20.25,22.54,68,68,2755.05,780.26,115.98,7.79,2.91,0.39,16.00,22.95,25.41,16.00,22.95,25.41,74,74,3057.26,860.14,122.22,12.90,3.93,1.10
2023/06/02T00:26:54z,84:f3:eb:7d:7:a8,6.01,2.0+OPENLOG+15552 MB+DS3231+BME280+PMSX003-B+PMSX003-A,81,44,57,993.94,0.05,36504,0,968,14.57,21.09,21.98,14.57,21.09,21.98,70,70,2727.11,768.12,120.57,8.00,0.86,0.57,15.55,21.91,24.00,15.55,21.91,24.00,72,72,2887.66,814.95,122.89,10.29,3.14,1.79
2023/06/02T00:28:54z,84:f3:eb:7d:7:a8,6.01,2.0+OPENLOG+15552 MB+DS3231+BME280+PMSX003-B+PMSX003-A,81,44,57,993.91,0.05,36504,0,1088,15.50,21.81,25.12,15.50,21.81,25.12,71,71,2810.38,797.28,131.22,12.34,3.62,1.28,16.07,22.21,23.33,16.07,22.21,23.33,72,72,2973.84,839.98,114.93,6.98,1.72,1.02
2023/06/02T00:30:54z,84:f3:eb:7d:7:a8,6.01,2.0+OPENLOG+15552 MB+DS3231+BME280+PMSX003-B+PMSX003-A,82,43,57,993.86,0.05,36504,0,1208,17.13,23.42,25.00,17.13,23.42,25.00,75,75,3080.24,868.20,132.40,9.53,1.89,0.55,15.60,21.05,22.24,15.60,21.05,22.24,70,70,2873.33,814.59,114.57,5.45,2.07,0.17
2023/06/02T00:33:03z,84:f3:eb:7d:7:a8,6.01,2.0+OPENLOG+15552 MB+DS3231+BME280+PMSX003-B+PMSX003-A,82,43,57,993.79,nan,36656,0,128,15.19,21.71,23.71,15.19,21.71,23.71,71,71,2830.64,793.02,125.12,9.67,1.86,0.95,17.05,23.12,24.75,17.05,23.12,24.75,74,74,3109.95,867.58,135.62,7.15,2.45,1.40
2023/06/02T00:35:03z,84:f3:eb:7d:7:a8,6.01,2.0+OPENLOG+15552 MB+DS3231+BME280+PMSX003-B+PMSX003-A,82,42,57,993.74,0.05,36504,0,248,14.93,21.27,23.93,14.93,21.27,23.93,70,70,2760.55,786.24,124.40,10.00,3.35,2.11,15.98,21.35,23.07,15.98,21.35,23.07,70,70,2868.05,803.33,111.84,7.82,2.56,1.26
2023/06/02T00:37:03z,84:f3:eb:7d:7:a8,6.01,2.0+OPENLOG+15552 MB+DS3231+BME280+PMSX003-B+PMSX003-A,83,42,57,993.80,0.05,36504,0,368,14.86,20.39,22.37,14.86,20.39,22.37,68,68,2791.63,770.81,119.93,9.02,2.68,0.00,16.09,21.79,23.58,16.09,21.79,23.58,71,71,2929.74,832.79,111.35,8.14,2.28,1.93
2023/06/02T00:39:03z,84:f3:eb:7d:7:a8,6.01,2.0+OPENLOG+15552 MB+DS3231+BME280+PMSX003-B+PMSX003-A,82,42,57,993.85,0.05,36504,0,488,15.97,21.86,22.43,15.97,21.86,22.43,72,72,2913.26,810.50,124.45,4.48,0.97,0.00,15.78,22.29,24.55,15.78,22.29,24.55,72,72,2962.85,848.67,123.55,9.64,3.56,1.24
2023/06/02T00:41:03z,84:f3:eb:7d:7:a8,6.01,2.0+OPENLOG+15552 MB+DS3231+BME280+PMSX003-B+PMSX003-A,82,42,56,993.84,0.05,36504,0,608,15.68,22.88,24.77,15.68,22.88,24.77,74,74,2908.12,813.55,139.75,10.09,2.36,0.61,15.95,22.95,24.83,15.95,22.95,24.83,74,74,3018.10,852.03,125.29,10.47,2.85,0.92
2023/06/02T00:43:03z,84:f3:eb:7d:7:a8,6.01,2.0+OPENLOG+15552 MB+DS3231+BME280+PMSX003-B+PMSX003-A,82,42,57,993.87,0.05,36504,0,728,15.52,22.62,24.25,15.52,22.62,24.25,73,73,2958.32,824.50,136.62,11.00,1.50,0.79,16.41,22.97,24.14,16.41,22.97,24.14,74,74,3065.74,866.12,122.03,8.95,1.55,0.97
2023/06/02T00:45:03z,84:f3:eb:7d:7:a8,6.01,2.0+OPENLOG+15552 MB+DS3231+BME280+PMSX003-B+PMSX003-A,82,43,57,993.87,0.05,36504,0,848,15.35,21.93,24.04,15.35,21.93,24.04,72,72,2971.53,828.82,129.63,9.79,2.35,0.88,17.18,23.26,25.61,17.18,23.26,25.61,74,74,3052.11,867.65,122.56,11.19,3.79,0.98
2023/06/02T00:47:03z,84:f3:eb:7d:7:a8,6.01,2.0+OPENLOG+15552 MB+DS3231+BME280+PMSX003-B+PMSX003-A,81,43,56,993.93,0.05,36504,0,968,16.22,22.80,24.20,16.22,22.80,24.20,73,73,2985.00,839.54,127.15,8.80,1.46,0.78,17.46,23.25,24.32,17.46,23.25,24.32,74,74,3113.95,891.29,120.41,8.39,1.79,1.07
2023/06/02T00:49:03z,84:f3:eb:7d:7:a8,6.01,2.0+OPENLOG+15552 MB+DS3231+BME280+PMSX003-B+PMSX003-A,82,43,57,993.90,0.05,36504,0,1088,17.66,25.52,27.72,17.66,25.50,27.72,79,79,3261.52,908.52,149.74,10.72,1.90,0.79,19.24,25.47,27.19,19.14,25.47,27.19,79,79,3446.64,965.53,136.14,7.28,2.93,0.86
2023/06/02T00:51:03z,84:f3:eb:7d:7:a8,6.01,2.0+OPENLOG+15552 MB+DS3231+BME280+PMSX003-B+PMSX003-A,81,43,56,993.90,0.05,36504,0,1208,17.28,24.17,26.09,17.26,24.17,26.09,76,76,3192.67,896.72,127.50,10.48,2.33,0.78,18.05,25.30,26.63,18.02,25.30,26.63,79,79,3322.68,932.84,141.40,9.86,2.04,0.60
2023/06/02T00:53:12z,84:f3:eb:7d:7:a8,6.01,2.0+OPENLOG+15552 MB+DS3231+BME280+PMSX003-B+PMSX003-A,81,44,57,993.97,nan,36656,0,128,17.02,26.00,27.19,17.02,25.81,27.19,80,80,3294.50,916.36,154.69,8.74,0.81,0.00,19.54,25.74,26.46,19.38,25.74,26.46,80,80,3532.85,983.49,143.64,6.97,1.03,0.72
2023/06/02T00:55:12z,84:f3:eb:7d:7:a8,6.01,2.0+OPENLOG+15552 MB+DS3231+BME280+PMSX003-B+PMSX003-A,80,45,56,994.07,0.05,36568,0,248,17.16,23.93,26.12,17.16,23.93,26.12,76,76,3130.18,883.62,136.14,10.07,2.89,1.57,19.25,26.40,27.72,19.07,26.35,27.72,81,81,3347.65,963.85,146.00,7.70,1.83,0.53
2023/06/02T00:57:12z,84:f3:eb:7d:7:a8,6.01,2.0+OPENLOG+15552 MB+DS3231+BME280+PMSX003-B+PMSX003-A,80,45,57,994.04,0.05,36504,0,368,17.88,25.14,26.63,17.86,25.14,26.63,78,78,3291.20,918.51,144.93,8.37,1.90,0.14,19.38,27.11,28.45,19.29,26.95,28.45,83,82,3441.22,974.11,153.64,11.31,2.00,1.02
2023/06/02T00:59:12z,84:f3:eb:7d:7:a8,6.01,2.0+OPENLOG+15552 MB+DS3231+BME280+PMSX003-B+PMSX003-A,81,45,57,993.88,0.05,36504,0,488,16.83,23.90,25.43,16.83,23.90,25.43,76,76,3119.07,870.14,130.57,10.69,1.45,0.31,18.76,26.89,28.50,18.69,26.89,28.50,82,82,3377.78,969.15,149.30,7.89,2.41,0.81
2023/06/02T01:01:12z,84:f3:eb:7d:7:a8,6.01,2.0+OPENLOG+15552 MB+DS3231+BME280+PMSX003-B+PMSX003-A,81,44,57,993.83,0.05,36504,0,608,16.90,24.66,26.38,16.90,24.66,26.38,77,77,3141.98,879.34,152.62,10.31,1.59,0.52,17.31,23.71,25.17,17.31,23.71,25.17,75,75,3212.53,910.71,123.84,7.21,2.10,0.62
2023/06/02T01:03:12z,84:f3:eb:7d:7:a8,6.01,2.0+OPENLOG+15552 MB+DS3231+BME280+PMSX003-B+PMSX003-A,80,44,56,993.87,0.05,36504,0,728,17.48,23.55,25.75,17.48,23.55,25.75,75,75,3178.39,886.61,136.46,7.64,2.36,0.68,16.76,24.21,25.79,16.76,24.21,25.79,76,76,3117.98,873.12,137.79,11.28,2.45,1.10
2023/06/02T01:05:12z,84:f3:eb:7d:7:a8,6.01,2.0+OPENLOG+15552 MB+DS3231+BME280+PMSX003-B+PMSX003-A,79,45,56,993.95,0.05,36504,0,848,16.28,23.16,24.71,16.28,23.16,24.71,74,74,3000.93,845.05,139.41,9.97,1.48,0.69,18.93,24.71,26.00,18.93,24.71,26.00,78,78,3374.69,940.76,131.29,6.93,2.00,0.79
2023/06/02T01:07:12z,84:f3:eb:7d:7:a8,6.01,2.0+OPENLOG+15552 MB+DS3231+BME280+PMSX003-B+PMSX003-A,79,45,56,994.09,0.05,36504,0,968,18.00,23.62,26.59,18.00,23.62,26.59,75,75,3139.50,896.60,139.17,11.90,3.28,0.79,17.29,26.05,27.55,17.27,25.93,27.55,80,80,3175.82,916.45,156.00,9.20,2.04,0.64
2023/06/02T01:09:12z,84:f3:eb:7d:7:a8,6.01,2.0+OPENLOG+15552 MB+DS3231+BME280+PMSX003-B+PMSX003-A,80,45,57,994.08,0.05,36504,0,1088,16.93,23.84,25.95,16.93,23.84,25.95,76,76,3116.63,873.25,141.39,9.26,2.25,1.68,18.68,25.02,27.07,18.65,25.02,27.07,78,78,3274.89,935.04,136.35,8.40,3.30,1.30
2023/06/02T01:11:12z,84:f3:eb:7d:7:a8,6.01,2.0+OPENLOG+15552 MB+DS3231+BME280+PMSX003-B+PMSX003-A,80,45,57,994.09,0.05,36504,0,1208,16.96,23.76,25.75,16.96,23.76,25.75,76,76,3131.73,880.55,136.42,9.67,2.84,0.95,18.61,25.60,26.19,18.53,25.60,26.19,79,79,3385.42,960.56,137.37,8.44,0.63,0.14
2023/06/02T01:13:21z,84:f3:eb:7d:7:a8,6.01,2.0+OPENLOG+15552 MB+DS3231+BME280+PMSX003-B+PMSX003-A,80,45,57,994.01,nan,36656,0,129,16.83,23.90,25.71,16.83,23.90,25.71,76,76,3169.57,869.71,138.60,10.62,1.95,0.76,18.60,26.45,28.75,18.58,26.45,28.75,81,81,3467.70,979.47,146.02,11.85,3.90,0.00
2023/06/02T01:15:21z,84:f3:eb:7d:7:a8,6.01,2.0+OPENLOG+15552 MB+DS3231+BME280+PMSX003-B+PMSX003-A,80,45,57,993.92,0.05,36568,0,249,16.76,23.02,24.02,16.76,23.02,24.02,74,74,3079.33,850.35,127.85,6.96,1.52,0.33,17.78,24.74,27.10,17.69,24.74,27.10,78,78,3241.24,930.17,134.38,10.60,3.93,0.93
2023/06/02T01:17:21z,84:f3:eb:7d:7:a8,6.01,2.0+OPENLOG+15552 MB+DS3231+BME280+PMSX003-B+PMSX003-A,80,45,57,993.88,0.05,36568,0,369,16.95,23.38,25.74,16.95,23.38,25.74,75,75,3102.78,870.03,137.76,10.28,2.69,0.86,19.35,25.56,27.21,19.12,25.56,27.21,79,79,3463.68,987.68,137.23,7.33,2.32,1.54
2023/06/02T01:19:21z,84:f3:eb:7d:7:a8,6.01,2.0+OPENLOG+15552 MB+DS3231+BME280+PMSX003-B+PMSX003-A,80,44,56,993.97,0.05,36568,0,489,16.95,24.81,26.59,16.95,24.81,26.59,78,78,3165.16,872.17,145.78,12.93,2.00,0.31,18.41,24.94,27.24,18.41,24.93,27.24,78,78,3321.22,928.52,134.43,8.85,3.37,1.70
2023/06/02T01:21:21z,84:f3:eb:7d:7:a8,6.01,2.0+OPENLOG+15552 MB+DS3231+BME280+PMSX003-B+PMSX003-A,80,45,56,994.00,0.05,36568,0,609,17.96,24.40,25.63,17.96,24.40,25.63,77,77,3215.79,901.75,149.05,7.19,1.37,0.67,18.14,26.00,27.77,18.14,26.00,27.77,80,80,3355.71,950.64,151.57,11.68,2.61,0.50
2023/06/02T01:23:21z,84:f3:eb:7d:7:a8,6.01,2.0+OPENLOG+15552 MB+DS3231+BME280+PMSX003-B+PMSX003-A,80,44,56,994.05,0.05,36568,0,729,17.45,24.89,26.60,17.45,24.89,26.60,78,78,3200.45,899.02,150.36,8.65,2.07,0.58,19.41,26.17,28.46,19.22,26.02,28.46,81,80,3516.25,987.22,152.54,9.29,3.29,0.98
2023/06/02T01:25:21z,84:f3:eb:7d:7:a8,6.01,2.0+OPENLOG+15552 MB+DS3231+BME280+PMSX003-B+PMSX003-A,80,45,56,993.91,0.05,36568,0,849,16.98,25.51,28.09,16.98,25.51,28.09,79,79,3227.47,896.28,155.23,13.37,3.58,0.67,18.50,27.21,28.73,18.50,27.21,28.73,83,83,3397.39,961.59,157.91,9.14,2.61,0.39
2023/06/02T01:27:21z,84:f3:eb:7d:7:a8,6.01,2.0+OPENLOG+15552 MB+DS3231+BME280+PMSX003-B+PMSX003-A,80,45,57,993.86,0.05,36568,0,969,16.74,25.09,27.79,16.74,25.09,27.79,78,78,3128.74,876.45,154.03,12.07,3.03,0.66,18.02,26.33,28.49,18.02,26.33,28.49,81,81,3338.07,945.02,142.75,13.11,2.91,1.24
2023/06/02T01:29:21z,84:f3:eb:7d:7:a8,6.01,2.0+OPENLOG+15552 MB+DS3231+BME280+PMSX003-B+PMSX003-A,80,45,56,993.93,0.05,36568,0,1089,16.22,23.05,24.95,16.22,23.05,24.95,74,74,3067.71,849.66,132.69,11.69,0.97,0.66,18.35,23.26,24.42,18.35,23.26,24.42,74,74,3278.53,936.32,120.02,4.74,1.44,0.95
2023/06/02T01:31:21z,84:f3:eb:7d:7:a8,6.01,2.0+OPENLOG+15552 MB+DS3231+BME280+PMSX003-B+PMSX003-A,80,45,57,993.87,0.05,36568,0,1209,16.76,23.60,25.62,16.76,23.60,25.62,75,75,3139.96,870.40,143.07,7.82,2.69,1.09,17.63,25.29,26.42,17.63,25.29,26.42,79,79,3196.42,912.14,140.83,11.02,1.83,0.00
2023/06/02T01:33:30z,84:f3:eb:7d:7:a8,6.01,2.0+OPENLOG+15552 MB+DS3231+BME280+PMSX003-B+PMSX003-A,80,45,56,993.87,nan,36656,0,128,16.62,23.76,26.98,16.62,23.76,26.98,76,76,3144.21,859.90,136.71,12.05,3.95,2.24,18.20,24.20,26.50,18.20,24.20,26.50,76,76,3354.45,932.65,125.95,8.80,3.25,1.55
2023/06/02T01:35:30z,84:f3:eb:7d:7:a8,6.01,2.0+OPENLOG+15552 MB+DS3231+BME280+PMSX003-B+PMSX003-A,80,45,56,993.84,0.05,36568,0,248,17.21,24.59,25.70,17.21,24.59,25.70,77,77,3170.46,899.96,139.30,7.82,1.61,0.07,17.92,23.42,25.60,17.92,23.42,25.60,75,75,3264.25,913.02,124.42,9.50,3.07,0.67
2023/06/02T01:37:30z,84:f3:eb:7d:7:a8,6.01,2.0+OPENLOG+15552 MB+DS3231+BME280+PMSX003-B+PMSX003-A,81,44,57,993.79,0.05,36568,0,368,16.96,23.21,24.95,16.96,23.21,24.95,74,74,3119.09,878.86,134.52,7.57,1.00,0.43,18.12,24.19,26.76,18.09,24.19,26.76,76,76,3216.36,907.22,137.45,9.76,4.28,0.45
2023/06/02T01:39:30z,84:f3:eb:7d:7:a8,6.01,2.0+OPENLOG+15552 MB+DS3231+BME280+PMSX003-B+PMSX003-A,81,44,57,993.80,0.05,36568,0,488,16.05,22.17,24.43,16.05,22.17,24.43,72,72,3044.95,838.16,125.95,8.17,3.17,1.97,18.24,23.98,25.24,18.24,23.98,25.24,76,76,3270.71,931.07,123.49,7.96,2.00,0.33
2023/06/02T01:41:30z,84:f3:eb:7d:7:a8,6.01,2.0+OPENLOG+15552 MB+DS3231+BME280+PMSX003-B+PMSX003-A,81,44,57,993.78,0.05,36568,0,608,16.28,21.91,23.26,16.28,21.91,23.26,72,72,3039.98,837.98,127.55,5.72,2.07,0.00,17.36,24.34,26.27,17.32,24.31,26.27,77,77,3198.66,915.63,131.34,10.03,3.05,1.02
2023/06/02T01:43:30z,84:f3:eb:7d:7:a8,6.01,2.0+OPENLOG+15552 MB+DS3231+BME280+PMSX003-B+PMSX003-A,81,44,57,993.80,0.05,36568,0,728,17.33,24.15,25.15,17.33,24.15,25.15,76,76,3123.93,875.76,134.75,9.89,0.69,0.00,18.63,24.47,25.75,18.44,24.47,25.75,77,77,3255.71,932.97,124.83,8.05,2.03,0.71
2023/06/02T01:45:30z,84:f3:eb:7d:7:a8,6.01,2.0+OPENLOG+15552 MB+DS3231+BME280+PMSX003-B+PMSX003-A,81,44,57,993.89,0.05,36568,0,848,17.54,23.61,25.79,17.54,23.61,25.79,75,75,3185.21,891.00,125.40,8.67,3.51,1.09,17.89,24.46,26.12,17.82,24.46,26.12,77,77,3279.79,943.81,145.53,10.00,3.09,0.00
2023/06/02T01:47:30z,84:f3:eb:7d:7:a8,6.01,2.0+OPENLOG+15552 MB+DS3231+BME280+PMSX003-B+PMSX003-A,81,44,57,993.91,0.05,36568,0,968,17.61,25.91,28.14,17.61,25.91,28.14,80,80,3248.32,910.88,159.12,10.70,3.09,1.19,19.72,26.52,29.48,19.35,26.52,29.48,81,81,3528.28,1015.81,141.11,12.74,4.44,0.63
2023/06/02T01:49:30z,84:f3:eb:7d:7:a8,6.01,2.0+OPENLOG+15552 MB+DS3231+BME280+PMSX003-B+PMSX003-A,81,44,57,994.02,0.05,36568,0,1088,18.42,24.79,26.88,18.40,24.79,26.88,78,78,3301.42,929.56,145.23,9.75,2.42,0.88,18.47,25.75,28.39,18.46,25.74,28.39,80,80,3386.79,962.12,139.56,11.72,4.25,1.16
2023/06/02T01:51:30z,84:f3:eb:7d:7:a8,6.01,2.0+OPENLOG+15552 MB+DS3231+BME280+PMSX003-B+PMSX003-A,80,44,56,994.03,0.05,36568,0,1208,17.13,23.13,24.22,17.04,23.13,24.22,74,74,3271.58,910.71,118.05,8.33,1.31,0.36,19.14,25.78,27.95,19.14,25.78,27.95,80,80,3416.95,967.80,132.44,10.61,3.63,1.08
2023/06/02T01:53:38z,84:f3:eb:7d:7:a8,6.01,2.0+OPENLOG+15552 MB+DS3231+BME280+PMSX003-B+PMSX003-A,80,45,56,994.06,nan,36656,0,127,17.07,22.12,24.24,17.07,22.12,24.24,72,72,3042.00,851.29,124.62,8.14,1.62,0.90,17.77,24.02,25.73,17.77,24.02,25.73,76,76,3290.10,916.80,125.50,7.50,2.40,1.50
2023/06/02T01:55:38z,84:f3:eb:7d:7:a8,6.01,2.0+OPENLOG+15552 MB+DS3231+BME280+PMSX003-B+PMSX003-A,80,45,57,994.01,0.05,36568,0,247,17.70,24.91,27.20,17.70,24.82,27.20,78,78,3295.88,908.23,148.34,8.96,2.61,1.29,18.98,27.07,29.41,18.86,26.92,29.41,82,82,3529.83,992.97,160.41,11.12,4.07,0.54
2023/06/02T01:57:38z,84:f3:eb:7d:7:a8,6.01,2.0+OPENLOG+15552 MB+DS3231+BME280+PMSX003-B+PMSX003-A,81,45,57,993.98,0.05,36504,0,367,18.08,25.41,28.36,18.08,25.41,28.36,79,79,3322.17,933.53,147.37,11.66,2.81,1.63,19.55,27.67,30.35,19.42,27.65,30.35,84,84,3583.69,1010.16,161.24,11.67,4.07,1.56
2023/06/02T01:59:38z,84:f3:eb:7d:7:a8,6.01,2.0+OPENLOG+15552 MB+DS3231+BME280+PMSX003-B+PMSX003-A,80,45,57,993.98,0.05,36504,0,487,18.03,26.03,28.10,18.00,26.03,28.10,80,80,3269.95,930.17,155.91,9.48,1.59,0.72,19.38,27.71,29.75,19.23,27.64,29.75,84,84,3586.77,1015.46,153.38,11.64,3.18,1.07
2023/06/02T02:01:38z,84:f3:eb:7d:7:a8,6.01,2.0+OPENLOG+15552 MB+DS3231+BME280+PMSX003-B+PMSX003-A,81,45,57,993.97,0.05,36504,0,607,17.76,24.31,25.58,17.75,24.31,25.58,77,77,3245.62,901.27,128.75,8.84,0.95,0.00,19.86,27.81,29.57,19.53,27.69,29.57,84,84,3563.17,1010.24,151.97,12.45,2.28,0.93
2023/06/02T02:03:38z,84:f3:eb:7d:7:a8,6.01,2.0+OPENLOG+15552 MB+DS3231+BME280+PMSX003-B+PMSX003-A,80,45,57,994.11,0.05,36504,0,727,19.11,26.46,29.25,19.02,26.46,29.25,81,81,3486.91,972.50,153.43,11.57,4.07,1.07,19.66,27.58,29.75,19.31,27.53,29.75,84,83,3488.08,1006.36,152.98,10.37,3.42,0.98
2023/06/02T02:05:38z,84:f3:eb:7d:7:a8,6.01,2.0+OPENLOG+15552 MB+DS3231+BME280+PMSX003-B+PMSX003-A,80,46,57,994.16,0.05,36504,0,847,18.86,27.14,28.53,18.62,27.02,28.53,83,82,3404.07,964.24,158.07,9.34,1.59,0.17,19.64,26.59,28.39,19.47,26.59,28.39,81,81,3493.58,996.76,139.92,11.32,3.08,1.02
2023/06/02T02:07:38z,84:f3:eb:7d:7:a8,6.01,2.0+OPENLOG+15552 MB+DS3231+BME280+PMSX003-B+PMSX003-A,80,46,57,994.15,0.05,36504,0,967,19.62,28.17,29.40,19.45,27.95,29.40,85,84,3658.66,1003.95,172.83,10.83,1.55,0.17,20.87,29.46,31.85,20.17,29.07,31.85,88,87,3769.61,1067.43,166.46,12.41,3.81,0.74
2023/06/02T02:09:38z,84:f3:eb:7d:7:a8,6.01,2.0+OPENLOG+15552 MB+DS3231+BME280+PMSX003-B+PMSX003-A,81,45,58,994.16,0.05,36504,0,1087,19.21,27.02,29.41,19.07,27.02,29.41,82,82,3528.10,996.00,158.57,10.86,3.00,0.79,21.02,30.17,34.57,20.22,29.72,34.57,89,88,3860.74,1105.07,176.88,17.83,7.16,2.14
2023/06/02T02:11:38z,84:f3:eb:7d:7:a8,6.01,2.0+OPENLOG+15552 MB+DS3231+BME280+PMSX003-B+PMSX003-A,80,46,57,994.15,0.05,36504,0,1207,21.05,29.49,32.22,20.29,29.13,32.22,88,87,3792.98,1071.09,180.15,10.69,3.35,1.31,22.51,31.25,33.39,21.21,30.47,33.39,91,90,3957.68,1131.72,170.95,11.75,3.47,0.95
2023/06/02T02:13:47z,84:f3:eb:7d:7:a8,6.01,2.0+OPENLOG+15552 MB+DS3231+BME280+PMSX003-B+PMSX003-A,80,46,57,994.16,nan,36656,0,128,20.71,30.02,33.41,20.12,29.44,33.41,89,87,3756.88,1067.32,177.83,14.34,3.76,1.56,22.50,32.03,34.33,21.15,30.73,34.33,93,90,3992.48,1153.35,178.38,12.73,3.90,0.30
2023/06/02T02:15:47z,84:f3:eb:7d:7:a8,6.01,2.0+OPENLOG+15552 MB+DS3231+BME280+PMSX003-B+PMSX003-A,80,46,57,994.16,0.05,36504,0,248,21.80,28.85,30.60,20.78,28.76,30.60,86,86,3879.22,1083.64,167.71,9.71,2.11,0.00,23.26,31.00,31.79,21.74,30.12,31.79,91,89,4153.60,1169.40,162.84,9.69,1.38,0.34
2023/06/02T02:17:47z,84:f3:eb:7d:7:a8,6.01,2.0+OPENLOG+15552 MB+DS3231+BME280+PMSX003-B+PMSX003-A,80,46,57,994.23,0.05,36504,0,368,21.69,29.22,31.02,20.80,28.98,31.02,87,87,3925.75,1090.98,155.38,11.09,0.91,0.00,22.32,30.55,32.98,21.11,29.93,32.98,90,88,4015.71,1138.62,167.00,9.07,3.68,1.50
2023/06/02T02:19:47z,84:f3:eb:7d:7:a8,6.01,2.0+OPENLOG+15552 MB+DS3231+BME280+PMSX003-B+PMSX003-A,80,46,57,994.20,0.05,36504,0,488,22.46,31.54,34.00,21.25,30.63,34.00,92,90,4035.84,1125.68,186.88,12.18,3.33,0.67,23.23,34.09,36.66,21.71,32.25,36.66,97,93,4231.29,1192.80,196.21,13.50,3.75,2.18
2023/06/02T02:21:47z,84:f3:eb:7d:7:a8,6.01,2.0+OPENLOG+15552 MB+DS3231+BME280+PMSX003-B+PMSX003-A,80,46,57,994.16,0.05,36504,0,608,21.79,31.67,34.37,20.82,30.65,34.37,92,90,3981.26,1124.51,192.16,12.81,2.91,1.33,21.64,30.85,33.34,20.64,30.14,33.34,90,89,4024.32,1131.29,177.53,10.19,3.39,1.63
2023/06/02T02:23:47z,84:f3:eb:7d:7:a8,6.01,2.0+OPENLOG+15552 MB+DS3231+BME280+PMSX003-B+PMSX003-A,81,45,58,994.17,0.05,36504,0,728,21.00,28.67,30.25,20.20,28.64,30.25,86,86,3908.73,1080.73,154.33,10.98,1.78,0.00,22.53,32.88,34.66,21.38,31.52,34.66,95,92,4128.62,1165.95,182.86,15.48,2.83,0.59
2023/06/02T02:25:47z,84:f3:eb:7d:7:a8,6.01,2.0+OPENLOG+15552 MB+DS3231+BME280+PMSX003-B+PMSX003-A,81,45,58,994.20,0.05,36504,0,848,21.18,28.51,30.75,20.51,28.46,30.75,86,85,3761.42,1055.49,172.19,11.16,2.00,0.74,20.71,28.63,30.32,20.20,28.32,30.32,86,85,3799.02,1051.64,158.05,9.08,2.95,0.78
2023/06/02T02:27:47z,84:f3:eb:7d:7:a8,6.01,2.0+OPENLOG+15552 MB+DS3231+BME280+PMSX003-B+PMSX003-A,80,45,57,994.20,0.05,36504,0,968,20.33,28.79,31.12,19.83,28.64,31.12,86,86,3734.22,1037.83,170.69,12.31,2.34,1.52,22.57,31.52,33.76,21.37,30.44,33.76,92,90,4021.28,1147.24,161.81,12.19,3.63,1.30
2023/06/02T02:29:47z,84:f3:eb:7d:7:a8,6.01,2.0+OPENLOG+15552 MB+DS3231+BME280+PMSX003-B+PMSX003-A,75,46,53,989.24,0.05,36504,0,1088,20.46,28.38,29.82,19.91,28.12,29.82,85,85,3704.73,1019.73,164.34,10.98,1.25,0.00,23.12,30.39,32.05,21.68,29.68,32.05,89,88,4164.37,1177.93,160.82,7.91,2.25,0.39
2023/06/02T02:31:47z,84:f3:eb:7d:7:a8,6.01,2.0+OPENLOG+15552 MB+DS3231+BME280+PMSX003-B+PMSX003-A,80,46,57,994.15,0.05,36504,0,1208,19.84,28.55,30.09,19.45,28.33,30.09,86,85,3735.76,1035.47,167.55,8.44,2.04,0.91,21.02,30.52,32.04,20.18,29.73,32.04,90,88,3885.16,1093.02,168.05,10.70,2.32,0.79
2023/06/02T02:33:56z,84:f3:eb:7d:7:a8,6.01,2.0+OPENLOG+15552 MB+DS3231+BME280+PMSX003-B+PMSX003-A,80,46,57,994.19,nan,36656,0,128,20.28,28.14,30.63,19.70,28.05,30.63,85,85,3710.09,1044.74,157.40,11.44,2.65,0.70,20.97,29.23,33.10,20.10,28.79,33.10,87,86,3872.31,1092.59,146.90,14.90,6.10,2.26
2023/06/02T02:35:56z,84:f3:eb:7d:7:a8,6.01,2.0+OPENLOG+15552 MB+DS3231+BME280+PMSX003-B+PMSX003-A,80,46,57,994.25,0.05,36568,0,248,20.96,28.73,30.98,20.18,28.48,30.98,86,85,3825.16,1079.34,157.16,10.16,2.57,0.86,23.02,30.83,34.77,21.67,30.17,34.77,90,89,4111.20,1163.78,169.07,10.93,6.20,1.87
2023/06/02T02:37:56z,84:f3:eb:7d:7:a8,6.01,2.0+OPENLOG+15552 MB+DS3231+BME280+PMSX003-B+PMSX003-A,80,46,57,994.23,0.05,36568,0,368,21.53,28.71,30.57,20.52,28.36,30.57,86,85,3896.38,1093.34,160.67,7.93,2.10,0.97,21.89,32.11,34.30,20.75,30.88,34.30,93,90,3974.89,1133.46,179.64,14.11,3.64,0.79
2023/06/02T02:39:56z,84:f3:eb:7d:7:a8,6.01,2.0+OPENLOG+15552 MB+DS3231+BME280+PMSX003-B+PMSX003-A,80,46,57,994.28,0.05,36504,0,488,21.53,30.61,31.96,20.61,29.95,31.96,90,89,3963.42,1111.25,174.95,12.74,0.60,0.00,22.67,32.04,33.31,21.40,30.75,33.31,93,90,4045.09,1149.25,178.31,11.89,2.07,0.69
2023/06/02T02:41:56z,84:f3:eb:7d:7:a8,6.01,2.0+OPENLOG+15552 MB+DS3231+BME280+PMSX003-B+PMSX003-A,80,46,57,994.26,0.05,36504,0,608,22.46,31.37,32.25,21.23,30.60,32.25,92,90,3975.16,1114.56,188.65,7.82,0.88,0.56,23.93,32.57,34.91,22.23,31.34,34.91,94,91,4236.86,1204.79,183.45,11.88,3.64,1.04
2023/06/02T02:43:56z,84:f3:eb:7d:7:a8,6.01,2.0+OPENLOG+15552 MB+DS3231+BME280+PMSX003-B+PMSX003-A,80,46,57,994.26,0.05,36504,0,728,21.81,30.77,33.98,20.91,30.09,33.98,90,89,4034.55,1129.38,186.04,11.81,2.98,0.75,23.58,32.98,34.68,22.00,31.60,34.68,95,92,4210.84,1197.12,163.44,15.05,2.63,1.05
2023/06/02T02:45:56z,84:f3:eb:7d:7:a8,6.01,2.0+OPENLOG+15552 MB+DS3231+BME280+PMSX003-B+PMSX003-A,80,46,57,994.30,0.05,36504,0,848,21.96,31.25,33.95,21.00,30.42,33.95,91,90,4083.63,1132.21,184.61,12.42,2.35,1.47,23.86,33.29,35.14,22.05,31.64,35.14,96,92,4263.32,1215.07,177.88,10.93,2.96,0.93
2023/06/02T02:47:56z,84:f3:eb:7d:7:a8,6.01,2.0+OPENLOG+15552 MB+DS3231+BME280+PMSX003-B+PMSX003-A,80,46,57,994.27,0.05,36504,0,968,23.39,34.30,37.05,21.75,32.16,37.05,98,93,4320.00,1213.00,207.66,13.95,2.79,1.04,24.81,35.53,37.62,22.49,33.02,37.62,101,95,4440.51,1267.51,200.28,14.70,3.40,0.60
2023/06/02T02:49:56z,84:f3:eb:7d:7:a8,6.01,2.0+OPENLOG+15552 MB+DS3231+BME280+PMSX003-B+PMSX003-A,80,47,57,994.27,0.05,36504,0,1088,24.27,34.32,36.14,22.20,32.32,36.14,98,94,4409.20,1235.52,210.57,13.04,1.71,0.57,25.52,36.03,39.97,23.05,33.48,39.95,102,96,4467.36,1276.86,192.88,19.28,5.55,2.00
2023/06/02T02:51:56z,84:f3:eb:7d:7:a8,6.01,2.0+OPENLOG+15552 MB+DS3231+BME280+PMSX003-B+PMSX003-A,80,46,57,994.30,0.05,36504,0,1208,22.89,33.13,35.93,21.49,31.60,35.93,95,92,4273.31,1185.38,192.76,15.87,2.84,1.02,24.19,32.78,35.74,22.29,31.31,35.74,94,91,4290.72,1217.21,168.60,13.19,5.17,0.86
2023/06/02T02:54:05z,84:f3:eb:7d:7:a8,6.01,2.0+OPENLOG+15552 MB+DS3231+BME280+PMSX003-B+PMSX003-A,80,46,57,994.32,nan,36656,0,128,22.98,32.24,34.93,21.60,31.07,34.93,93,91,4121.43,1155.64,199.57,12.33,3.29,1.71,25.50,35.85,37.20,22.85,33.20,37.20,102,95,4560.60,1295.00,200.02,10.65,2.00,0.70
2023/06/02T02:56:05z,84:f3:eb:7d:7:a8,6.01,2.0+OPENLOG+15552 MB+DS3231+BME280+PMSX003-B+PMSX003-A,80,47,58,994.32,0.05,36568,0,248,24.54,33.78,35.57,22.59,32.13,35.57,97,93,4444.67,1238.22,193.46,12.37,0.48,0.37,25.40,36.07,37.64,22.79,33.36,37.64,102,96,4610.79,1306.78,200.66,10.24,2.72,0.41
2023/06/02T02:58:05z,84:f3:eb:7d:7:a8,6.01,2.0+OPENLOG+15552 MB+DS3231+BME280+PMSX003-B+PMSX003-A,80,47,58,994.33,0.05,36568,0,368,23.45,33.91,36.88,21.83,32.22,36.88,97,93,4263.62,1200.45,199.48,16.38,3.17,1.31,24.09,34.35,35.75,22.09,32.31,35.75,98,93,4349.13,1232.95,191.76,12.25,2.51,0.51
2023/06/02T03:00:05z,84:f3:eb:7d:7:a8,6.01,2.0+OPENLOG+15552 MB+DS3231+BME280+PMSX003-B+PMSX003-A,80,47,58,994.38,0.05,36568,0,488,23.76,33.02,34.85,22.14,31.69,34.85,95,92,4206.20,1188.41,179.98,14.07,2.37,0.61,24.52,34.77,36.71,22.25,32.36,36.71,99,94,4418.95,1256.21,188.88,12.39,2.86,1.29
2023/06/02T03:02:05z,84:f3:eb:7d:7:a8,6.01,2.0+OPENLOG+15552 MB+DS3231+BME280+PMSX003-B+PMSX003-A,80,47,58,994.40,0.05,36504,0,608,23.73,33.57,36.61,22.18,31.89,36.61,96,93,4281.43,1200.27,197.27,13.52,3.36,1.00,24.71,34.71,37.69,22.38,32.45,37.69,99,94,4510.45,1272.40,202.76,14.26,4.34,1.93
2023/06/02T03:04:05z,84:f3:eb:7d:7:a8,6.01,2.0+OPENLOG+15552 MB+DS3231+BME280+PMSX003-B+PMSX003-A,80,47,58,994.40,0.05,36504,0,728,23.43,32.79,35.96,21.72,31.30,35.96,95,91,4268.89,1201.34,194.94,12.72,3.81,1.40,25.21,36.93,39.36,22.91,33.89,39.32,105,97,4478.84,1290.23,205.11,14.66,3.86,1.32
2023/06/02T03:06:05z,84:f3:eb:7d:7:a8,6.01,2.0+OPENLOG+15552 MB+DS3231+BME280+PMSX003-B+PMSX003-A,80,47,58,994.42,0.05,36504,0,848,22.72,32.84,36.35,21.26,31.33,36.35,95,91,4255.21,1180.19,200.47,15.09,2.84,1.54,25.09,36.67,38.75,22.61,33.74,38.75,104,97,4514.42,1291.40,200.05,15.68,3.33,0.95
2023/06/02T03:08:05z,84:f3:eb:7d:7:a8,6.01,2.0+OPENLOG+15552 MB+DS3231+BME280+PMSX003-B+PMSX003-A,80,47,58,994.40,0.05,36504,0,968,22.90,31.88,34.17,21.64,30.78,34.17,93,90,4141.60,1157.38,184.55,10.79,2.38,1.07,24.27,33.16,35.47,22.36,31.64,35.47,95,92,4376.07,1229.95,174.82,9.98,3.20,0.95
2023/06/02T03:10:05z,84:f3:eb:7d:7:a8,6.01,2.0+OPENLOG+15552 MB+DS3231+BME280+PMSX003-B+PMSX003-A,80,46,57,994.45,0.05,36504,0,1088,23.05,31.62,33.19,21.76,30.66,33.19,92,90,4252.45,1181.62,175.09,6.90,1.86,1.03,24.67,34.00,36.19,22.63,32.14,36.19,97,93,4371.26,1249.75,185.23,12.28,3.30,1.26
2023/06/02T03:12:05z,84:f3:eb:7d:7:a8,6.01,2.0+OPENLOG+15552 MB+DS3231+BME280+PMSX003-B+PMSX003-A,80,47,57,994.49,0.05,36504,0,1208,23.04,33.25,36.29,21.69,31.75,36.29,95,92,4273.31,1187.11,207.56,13.67,2.98,1.85,25.26,35.93,38.04,22.88,33.32,38.04,102,96,4463.00,1273.54,191.77,12.89,3.19,1.33
2023/06/02T03:14:15z,84:f3:eb:7d:7:a8,6.01,2.0+OPENLOG+15552 MB+DS3231+BME280+PMSX003-B+PMSX003-A,80,46,57,994.48,nan,36656,0,129,24.38,36.21,39.79,22.40,33.45,39.79,103,96,4486.43,1265.86,214.95,17.60,5.10,1.43,25.61,36.66,38.18,22.97,33.79,38.18,104,97,4590.24,1304.89,204.74,12.11,2.16,1.37
2023/06/02T03:16:15z,84:f3:eb:7d:7:a8,6.01,2.0+OPENLOG+15552 MB+DS3231+BME280+PMSX003-B+PMSX003-A,80,47,58,994.46,0.05,36568,0,249,24.15,33.35,35.76,22.44,31.80,35.76,96,92,4286.45,1217.49,193.27,13.20,2.44,1.45,25.77,35.44,37.11,23.02,32.86,37.11,100,95,4533.58,1287.49,185.09,12.37,2.63,0.70
2023/06/02T03:18:15z,84:f3:eb:7d:7:a8,6.01,2.0+OPENLOG+15552 MB+DS3231+BME280+PMSX003-B+PMSX003-A,80,47,58,994.38,0.05,36568,0,369,24.27,32.32,34.37,22.27,31.14,34.37,94,91,4251.97,1199.83,178.51,10.41,2.14,0.41,24.81,35.58,38.09,22.70,33.15,38.09,101,95,4462.70,1266.57,199.60,12.15,3.74,1.09
2023/06/02T03:20:15z,84:f3:eb:7d:7:a8,6.01,2.0+OPENLOG+15552 MB+DS3231+BME280+PMSX003-B+PMSX003-A,80,47,58,994.41,0.05,36568,0,489,23.34,33.66,36.55,21.67,31.84,36.55,96,93,4280.28,1206.60,206.26,14.93,2.69,0.86,26.56,36.60,38.28,23.63,33.75,38.28,104,97,4589.53,1310.54,198.95,11.25,2.70,0.49
2023/06/02T03:22:15z,84:f3:eb:7d:7:a8,6.01,2.0+OPENLOG+15552 MB+DS3231+BME280+PMSX003-B+PMSX003-A,80,47,57,994.44,0.05,36568,0,609,24.38,34.35,37.71,22.27,32.31,37.71,98,93,4495.15,1254.33,202.11,13.45,3.75,2.04,25.83,36.64,39.76,23.05,33.78,39.71,104,97,4695.52,1329.26,202.28,16.69,4.86,1.07
2023/06/02T03:24:15z,84:f3:eb:7d:7:a8,6.01,2.0+OPENLOG+15552 MB+DS3231+BME280+PMSX003-B+PMSX003-A,80,47,58,994.42,0.05,36568,0,729,23.95,32.73,35.11,22.23,31.45,35.11,94,92,4388.41,1220.25,189.25,9.61,2.89,0.25,25.52,36.18,38.45,22.77,33.45,38.43,103,96,4642.70,1317.02,193.48,13.90,3.30,1.37
2023/06/02T03:26:15z,84:f3:eb:7d:7:a8,6.01,2.0+OPENLOG+15552 MB+DS3231+BME280+PMSX003-B+PMSX003-A,80,47,58,994.39,0.05,36256,0,849,24.17,31.83,33.29,22.34,30.88,33.29,92,90,4268.43,1201.64,169.19,10.40,0.66,0.17,25.02,35.68,38.18,22.57,33.09,38.18,101,95,4567.12,1289.11,213.05,11.96,3.57,1.39
2023/06/02T03:28:15z,84:f3:eb:7d:7:a8,6.01,2.0+OPENLOG+15552 MB+DS3231+BME280+PMSX003-B+PMSX003-A,80,47,58,994.38,0.05,36504,0,969,24.14,32.19,34.59,22.31,31.05,34.59,93,91,4318.42,1213.64,182.85,11.02,1.90,1.49,24.95,35.82,37.67,22.56,33.25,37.67,102,95,4390.64,1268.40,203.55,12.84,3.20,0.58
2023/06/02T03:30:15z,84:f3:eb:7d:7:a8,6.01,2.0+OPENLOG+15552 MB+DS3231+BME280+PMSX003-B+PMSX003-A,80,47,58,994.44,0.05,36504,0,1089,23.86,33.84,35.46,21.98,31.96,35.46,97,93,4327.07,1220.95,198.07,10.71,1.54,0.29,25.32,34.43,35.64,22.79,32.36,35.64,98,94,4512.86,1289.46,181.11,9.12,2.00,0.11
2023/06/02T03:32:15z,84:f3:eb:7d:7:a8,6.01,2.0+OPENLOG+15552 MB+DS3231+BME280+PMSX003-B+PMSX003-A,79,47,57,994.41,0.05,36504,0,1209,23.65,33.68,35.93,22.00,32.00,35.93,96,93,4236.00,1210.95,187.93,11.61,2.98,1.47,24.50,34.50,36.89,22.43,32.45,36.89,98,94,4467.59,1252.12,185.34,12.21,3.89,1.57
2023/06/02T03:34:24z,84:f3:eb:7d:7:a8,6.01,2.0+OPENLOG+15552 MB+DS3231+BME280+PMSX003-B+PMSX003-A,80,47,58,994.44,nan,36656,0,129,24.02,33.05,35.26,22.10,31.55,35.26,95,92,4342.86,1218.02,191.24,13.10,2.81,0.14,26.08,35.95,37.23,23.05,33.31,37.23,102,96,4608.54,1304.56,185.51,12.10,1.74,0.87
2023/06/02T03:36:24z,84:f3:eb:7d:7:a8,6.01,2.0+OPENLOG+15552 MB+DS3231+BME280+PMSX003-B+PMSX003-A,80,46,57,994.47,0.05,36568,0,249,23.63,33.41,35.80,21.85,31.72,35.80,96,92,4407.72,1219.80,191.44,12.44,2.19,1.04,25.46,36.23,39.28,22.98,33.54,39.26,103,96,4566.05,1291.25,202.30,15.61,5.02,0.67
2023/06/02T03:38:24z,84:f3:eb:7d:7:a8,6.01,2.0+OPENLOG+15552 MB+DS3231+BME280+PMSX003-B+PMSX003-A,80,47,58,994.54,0.05,36568,0,369,23.63,32.49,35.68,21.74,31.00,35.68,94,91,4338.95,1215.63,190.30,12.39,3.79,0.98,25.52,34.71,36.71,22.95,32.61,36.71,99,94,4557.86,1288.75,181.11,12.77,3.32,0.29
2023/06/02T03:40:24z,84:f3:eb:7d:7:a8,6.01,2.0+OPENLOG+15552 MB+DS3231+BME280+PMSX003-B+PMSX003-A,80,47,58,994.45,0.05,36568,0,489,24.12,33.34,36.00,22.02,31.64,36.00,96,92,4332.75,1219.88,191.91,12.32,3.04,1.29,25.05,34.88,37.46,22.39,32.40,37.46,99,94,4644.21,1319.00,187.05,13.54,3.44,1.89
2023/06/02T03:42:24z,84:f3:eb:7d:7:a8,6.01,2.0+OPENLOG+15552 MB+DS3231+BME280+PMSX003-B+PMSX003-A,80,47,58,994.49,0.05,36504,0,609,25.05,34.29,36.71,22.65,32.27,36.71,98,93,4476.16,1250.11,199.82,11.71,2.55,1.09,26.95,37.88,39.93,23.67,34.50,39.93,107,98,4701.31,1355.03,199.22,12.57,3.45,1.24
2023/06/02T03:44:24z,84:f3:eb:7d:7:a8,6.01,2.0+OPENLOG+15552 MB+DS3231+BME280+PMSX003-B+PMSX003-A,80,47,58,994.50,0.05,36504,0,729,24.55,34.23,36.15,22.28,32.11,36.15,98,93,4509.34,1257.83,201.74,13.62,2.15,0.38,26.00,36.52,38.77,23.02,33.38,38.66,104,96,4668.96,1333.54,195.12,15.88,3.25,1.14
2023/06/02T03:46:24z,84:f3:eb:7d:7:a8,6.01,2.0+OPENLOG+15552 MB+DS3231+BME280+PMSX003-B+PMSX003-A,80,47,58,994.52,0.05,36504,0,849,24.29,33.91,36.39,22.11,32.05,36.39,97,93,4465.50,1243.45,197.61,11.64,2.96,1.64,25.08,34.85,36.58,22.54,32.61,36.47,99,94,4553.44,1281.93,188.08,12.20,2.44,1.25
2023/06/02T03:48:24z,84:f3:eb:7d:7:a8,6.01,2.0+OPENLOG+15552 MB+DS3231+BME280+PMSX003-B+PMSX003-A,79,47,57,994.55,0.05,36504,0,969,24.28,31.50,32.98,22.38,30.66,32.98,92,90,4355.48,1205.57,173.91,7.79,1.86,0.55,25.43,36.61,39.09,23.00,33.79,39.04,104,97,4536.00,1292.41,212.09,12.52,3.79,1.11
2023/06/02T03:50:24z,84:f3:eb:7d:7:a8,6.01,2.0+OPENLOG+15552 MB+DS3231+BME280+PMSX003-B+PMSX003-A,79,47,57,994.55,0.05,36504,0,1089,23.25,32.93,35.45,21.73,31.54,35.45,95,92,4232.95,1201.64,190.93,14.86,2.18,1.00,26.02,35.93,38.66,23.34,33.45,38.61,102,96,4581.05,1303.43,189.57,11.71,4.29,1.64
2023/06/02T03:52:24z,84:f3:eb:7d:7:a8,6.01,2.0+OPENLOG+15552 MB+DS3231+BME280+PMSX003-B+PMSX003-A,79,47,57,994.56,0.05,36504,0,1209,22.95,33.05,34.87,21.47,31.56,34.87,95,92,4229.89,1177.22,193.13,11.93,2.22,0.80,24.65,34.53,37.07,22.63,32.47,37.05,98,94,4417.68,1261.72,185.14,10.63,3.96,1.12
2023/06/02T03:54:34z,84:f3:eb:7d:7:a8,6.01,2.0+OPENLOG+15552 MB+DS3231+BME280+PMSX003-B+PMSX003-A,79,47,57,994.56,nan,36656,0,129,22.74,32.12,34.57,21.40,31.10,34.57,93,91,4220.71,1172.14,191.40,11.05,3.29,1.67,24.12,32.20,35.73,22.20,30.98,35.73,93,91,4376.12,1235.66,160.05,12.54,5.41,1.51
2023/06/02T03:56:34z,84:f3:eb:7d:7:a8,6.01,2.0+OPENLOG+15552 MB+DS3231+BME280+PMSX003-B+PMSX003-A,79,47,57,994.55,0.05,36568,0,249,24.50,34.85,36.93,22.41,32.69,36.93,99,94,4372.06,1237.41,200.00,14.20,2.30,0.78,25.02,34.05,34.73,22.71,32.24,34.73,97,93,4416.76,1258.53,178.31,9.00,1.22,0.17
2023/06/02T03:58:34z,84:f3:eb:7d:7:a8,6.01,2.0+OPENLOG+15552 MB+DS3231+BME280+PMSX003-B+PMSX003-A,79,47,57,994.57,0.05,36568,0,369,24.77,34.07,36.07,22.61,32.16,36.07,97,93,4453.88,1244.80,191.71,11.00,1.79,0.39,25.19,33.49,35.25,22.86,32.00,35.25,96,93,4467.95,1268.82,180.32,10.00,2.63,0.28
2023/06/02T04:00:34z,84:f3:eb:7d:7:a8,6.01,2.0+OPENLOG+15552 MB+DS3231+BME280+PMSX003-B+PMSX003-A,79,48,57,994.57,0.05,36504,0,489,23.72,33.56,37.28,21.86,31.74,37.28,96,92,4368.74,1212.07,192.12,16.95,3.54,1.75,25.80,38.36,41.35,22.87,34.62,41.20,108,98,4749.22,1356.91,214.93,18.42,4.55,1.96
2023/06/02T04:02:34z,84:f3:eb:7d:7:a8,6.01,2.0+OPENLOG+15552 MB+DS3231+BME280+PMSX003-B+PMSX003-A,79,47,57,994.27,0.05,36504,0,609,24.09,34.85,38.46,22.37,32.69,38.46,99,94,4360.00,1231.13,210.69,13.22,4.70,2.04,25.64,37.53,41.02,22.83,34.12,40.98,106,97,4708.02,1332.37,216.90,16.76,5.32,2.07
2023/06/02T04:04:34z,84:f3:eb:7d:7:a8,6.01,2.0+OPENLOG+15552 MB+DS3231+BME280+PMSX003-B+PMSX003-A,79,48,57,994.59,0.05,36504,0,729,24.45,34.09,36.38,22.48,32.21,36.38,97,93,4465.66,1242.33,194.78,12.45,2.79,1.07,26.54,37.30,38.79,23.55,34.18,38.79,105,97,4805.79,1341.45,196.30,14.61,2.18,0.18
2023/06/02T04:06:34z,84:f3:eb:7d:7:a8,6.01,2.0+OPENLOG+15552 MB+DS3231+BME280+PMSX003-B+PMSX003-A,79,48,57,994.67,0.05,36504,0,849,24.42,34.60,36.42,22.26,32.37,36.42,98,94,4446.63,1256.19,196.11,11.51,1.05,0.56,25.20,35.83,37.37,22.53,33.07,37.37,102,95,4583.29,1299.71,197.29,13.78,2.64,0.51
2023/06/02T04:08:34z,84:f3:eb:7d:7:a8,6.01,2.0+OPENLOG+15552 MB+DS3231+BME280+PMSX003-B+PMSX003-A,79,48,57,994.63,0.05,36504,0,969,22.76,31.68,33.80,21.37,30.51,33.80,92,90,4215.86,1171.56,181.78,11.58,2.78,0.81,26.94,38.06,42.20,23.48,34.39,42.11,107,98,4855.89,1379.83,216.35,14.61,6.56,1.59
2023/06/02T04:10:34z,84:f3:eb:7d:7:a8,6.01,2.0+OPENLOG+15552 MB+DS3231+BME280+PMSX003-B+PMSX003-A,78,48,57,994.60,0.05,36504,0,1089,25.64,36.38,39.88,23.14,33.68,39.75,103,96,4580.62,1286.75,206.75,16.73,4.18,2.21,26.32,36.71,38.02,23.31,33.71,38.02,104,96,4682.95,1336.25,198.86,12.44,1.90,0.75
2023/06/02T04:12:34z,84:f3:eb:7d:7:a8,6.01,2.0+OPENLOG+15552 MB+DS3231+BME280+PMSX003-B+PMSX003-A,78,50,57,994.66,0.05,36504,0,1209,25.22,35.06,37.52,22.78,32.80,37.50,99,95,4454.22,1248.50,204.89,14.91,1.70,1.56,28.28,38.46,41.23,24.46,34.75,41.11,108,99,4947.84,1412.19,192.25,16.25,3.86,1.72
2023/06/02T04:14:42z,84:f3:eb:7d:7:a8,6.01,2.0+OPENLOG+15552 MB+DS3231+BME280+PMSX003-B+PMSX003-A,79,49,58,994.60,nan,36656,0,128,26.95,38.63,40.58,23.67,34.93,40.58,109,99,4838.09,1360.86,233.12,13.56,1.86,0.23,28.08,39.44,40.97,24.23,35.33,40.95,111,100,4902.15,1414.23,207.18,12.23,2.26,0.72
2023/06/02T04:16:42z,84:f3:eb:7d:7:a8,6.01,2.0+OPENLOG+15552 MB+DS3231+BME280+PMSX003-B+PMSX003-A,78,50,57,994.65,0.05,36568,0,248,25.65,34.85,37.62,22.93,32.71,37.62,99,94,4588.25,1286.58,204.75,12.20,2.29,1.02,26.74,38.19,40.03,23.40,34.47,40.03,108,98,4786.66,1372.81,225.57,13.74,2.34,1.03
2023/06/02T04:18:42z,84:f3:eb:7d:7:a8,6.01,2.0+OPENLOG+15552 MB+DS3231+BME280+PMSX003-B+PMSX003-A,78,50,57,994.69,0.05,36568,0,368,24.97,36.24,39.19,22.72,33.40,39.19,103,96,4500.93,1262.17,225.21,12.24,2.83,1.48,26.68,37.04,38.14,23.56,33.98,38.14,105,97,4711.26,1336.88,203.89,11.25,1.58,0.60
2023/06/02T04:20:42z,84:f3:eb:7d:7:a8,6.01,2.0+OPENLOG+15552 MB+DS3231+BME280+PMSX003-B+PMSX003-A,78,49,57,994.00,0.05,36568,0,488,24.33,33.93,36.70,22.28,32.11,36.70,97,93,4420.16,1233.40,200.65,12.95,2.35,0.84,26.61,37.36,38.89,23.50,34.18,38.89,106,97,4641.64,1332.20,208.14,12.48,2.11,0.89
2023/06/02T04:22:42z,84:f3:eb:7d:7:a8,6.01,2.0+OPENLOG+15552 MB+DS3231+BME280+PMSX003-B+PMSX003-A,78,49,57,994.73,0.05,36568,0,608,23.62,33.67,36.19,21.74,31.84,36.19,96,93,4286.02,1211.26,194.19,12.86,3.14,0.97,25.28,34.67,36.78,22.74,32.53,36.78,98,94,4501.50,1286.14,180.67,12.72,2.83,1.07
2023/06/02T04:24:42z,84:f3:eb:7d:7:a8,6.01,2.0+OPENLOG+15552 MB+DS3231+BME280+PMSX003-B+PMSX003-A,78,50,58,994.74,0.05,36568,0,728,23.26,33.30,35.92,21.64,31.70,35.92,96,92,4324.25,1198.70,201.42,12.94,3.28,0.91,26.21,35.74,37.67,23.38,33.24,37.67,102,95,4694.17,1330.19,188.16,11.03,3.10,0.76
2023/06/02T04:26:42z,84:f3:eb:7d:7:a8,6.01,2.0+OPENLOG+15552 MB+DS3231+BME280+PMSX003-B+PMSX003-A,78,50,58,994.72,0.05,36568,0,848,22.82,32.55,35.95,21.43,31.12,35.95,94,91,4125.64,1171.20,202.18,15.36,3.00,1.68,26.36,34.86,36.26,23.22,32.47,36.26,99,94,4623.00,1323.05,183.41,10.55,2.17,0.45
2023/06/02T04:28:42z,84:f3:eb:7d:7:a8,6.01,2.0+OPENLOG+15552 MB+DS3231+BME280+PMSX003-B+PMSX003-A,77,50,57,994.71,0.05,36504,0,968,24.18,34.43,37.34,22.16,32.48,37.34,98,94,4311.70,1215.59,212.02,16.21,2.61,1.00,26.13,37.71,40.42,23.24,34.24,40.29,106,98,4600.80,1329.67,200.76,20.02,4.07,1.09
2023/06/02T04:30:42z,84:f3:eb:7d:7:a8,6.01,2.0+OPENLOG+15552 MB+DS3231+BME280+PMSX003-B+PMSX003-A,78,50,58,994.69,0.05,36504,0,1088,23.14,32.82,34.56,21.51,31.32,34.56,95,91,4216.37,1178.30,196.16,12.28,1.86,0.56,24.71,33.71,35.37,22.47,31.88,35.37,96,93,4351.12,1230.66,179.92,12.15,3.05,0.00
2023/06/02T04:32:42z,84:f3:eb:7d:7:a8,6.01,2.0+OPENLOG+15552 MB+DS3231+BME280+PMSX003-B+PMSX003-A,78,50,58,994.68,0.05,36504,0,1208,22.29,32.54,36.04,20.86,31.05,36.04,94,91,4194.96,1179.07,200.61,13.11,4.93,2.14,25.14,35.15,38.75,22.64,32.81,38.75,99,95,4534.07,1297.19,201.44,13.63,5.32,1.86
2023/06/02T04:34:52z,84:f3:eb:7d:7:a8,6.01,2.0+OPENLOG+15552 MB+DS3231+BME280+PMSX003-B+PMSX003-A,77,50,57,994.67,nan,36656,0,129,23.90,33.48,36.07,22.21,31.95,36.07,96,93,4196.07,1193.14,198.95,13.86,2.52,0.33,25.20,36.24,38.24,22.78,33.61,38.24,103,96,4481.27,1277.49,198.12,18.83,2.83,0.98
2023/06/02T04:36:52z,84:f3:eb:7d:7:a8,6.01,2.0+OPENLOG+15552 MB+DS3231+BME280+PMSX003-B+PMSX003-A,77,50,57,994.64,0.05,36568,0,249,23.98,32.07,35.04,22.17,30.91,35.04,93,91,4345.39,1215.78,186.28,9.50,3.81,2.04,25.82,35.91,38.55,23.05,33.13,38.55,102,95,4575.60,1298.87,199.69,12.35,4.33,1.05
2023/06/02T04:38:52z,84:f3:eb:7d:7:a8,6.01,2.0+OPENLOG+15552 MB+DS3231+BME280+PMSX003-B+PMSX003-A,77,50,57,994.73,0.05,36568,0,369,25.41,35.72,38.52,23.00,33.29,38.52,102,96,4585.45,1288.24,204.53,13.91,3.10,0.97,26.18,35.93,37.14,23.14,33.28,37.14,102,96,4640.53,1319.51,198.05,11.89,1.89,0.63
2023/06/02T04:40:52z,84:f3:eb:7d:7:a8,6.01,2.0+OPENLOG+15552 MB+DS3231+BME280+PMSX003-B+PMSX003-A,78,50,58,994.77,0.05,36568,0,489,24.62,33.09,35.24,22.57,31.72,35.24,95,92,4423.81,1236.86,183.76,9.45,2.31,0.90,26.56,37.84,40.05,23.55,34.53,39.91,107,98,4716.71,1342.24,210.58,17.05,3.73,1.13
2023/06/02T04:42:52z,84:f3:eb:7d:7:a8,6.01,2.0+OPENLOG+15552 MB+DS3231+BME280+PMSX003-B+PMSX003-A,77,50,57,994.77,0.05,36568,0,609,22.61,32.30,35.25,21.05,30.89,35.25,93,91,4221.27,1182.14,198.75,12.29,3.54,1.68,25.80,36.66,39.70,23.07,33.73,39.61,104,96,4605.38,1316.16,200.25,13.32,4.43,1.75
2023/06/02T04:44:52z,84:f3:eb:7d:7:a8,6.01,2.0+OPENLOG+15552 MB+DS3231+BME280+PMSX003-B+PMSX003-A,77,50,57,994.75,0.05,36504,0,729,23.85,33.36,36.11,22.02,31.69,36.11,96,92,4342.53,1209.33,191.80,13.02,3.20,1.56,24.88,33.75,36.26,22.61,31.93,36.26,97,93,4397.68,1245.84,185.44,13.11,4.25,0.56
2023/06/02T04:46:52z,84:f3:eb:7d:7:a8,6.01,2.0+OPENLOG+15552 MB+DS3231+BME280+PMSX003-B+PMSX003-A,77,51,57,994.74,0.05,36504,0,849,22.58,31.19,34.16,21.39,30.42,34.16,91,90,4055.21,1148.46,173.67,13.12,3.09,2.25,24.79,34.86,36.42,22.51,32.81,36.42,99,95,4460.05,1260.77,185.39,10.56,2.18,0.56
2023/06/02T04:48:52z,84:f3:eb:7d:7:a8,6.01,2.0+OPENLOG+15552 MB+DS3231+BME280+PMSX003-B+PMSX003-A,76,51,56,994.77,0.05,36504,0,969,22.91,32.98,34.88,21.71,31.55,34.88,95,92,4192.34,1173.12,186.48,14.66,1.66,0.52,25.80,35.45,37.11,23.16,33.16,37.11,100,95,4522.64,1293.11,191.35,9.75,2.44,0.95
2023/06/02T04:50:52z,84:f3:eb:7d:7:a8,6.01,2.0+OPENLOG+15552 MB+DS3231+BME280+PMSX003-B+PMSX003-A,76,51,56,994.70,0.05,36504,0,1089,23.36,32.84,35.05,21.76,31.49,35.05,95,92,4267.20,1188.71,195.04,9.02,2.47,0.91,24.74,35.70,37.46,22.61,33.12,37.46,101,95,4347.21,1236.39,194.79,13.07,2.81,0.84
2023/06/02T04:52:52z,84:f3:eb:7d:7:a8,6.01,2.0+OPENLOG+15552 MB+DS3231+BME280+PMSX003-B+PMSX003-A,76,51,57,994.74,0.05,36504,0,1209,23.84,32.65,34.73,22.15,31.24,34.73,94,91,4277.62,1190.53,183.11,12.36,1.85,0.58,25.05,34.95,37.23,22.75,32.80,37.23,99,95,4398.00,1258.97,192.65,12.75,3.37,1.83
2023/06/02T04:55:01z,84:f3:eb:7d:7:a8,6.01,2.0+OPENLOG+15552 MB+DS3231+BME280+PMSX003-B+PMSX003-A,76,51,56,994.79,nan,36656,0,128,22.29,31.07,34.17,20.90,30.05,34.17,91,89,4121.64,1162.52,183.05,11.02,3.67,1.48,23.89,34.29,36.55,22.03,32.21,36.55,98,93,4327.97,1244.08,193.74,9.68,3.42,0.63
2023/06/02T04:57:01z,84:f3:eb:7d:7:a8,6.01,2.0+OPENLOG+15552 MB+DS3231+BME280+PMSX003-B+PMSX003-A,75,51,56,993.78,0.05,36256,0,248,24.16,34.21,37.11,22.23,32.32,37.02,98,94,4305.91,1209.73,189.46,17.66,3.50,1.46,24.14,33.36,34.08,22.10,31.64,34.08,96,92,4352.24,1244.12,183.88,10.12,0.68,0.34
2023/06/02T04:59:01z,84:f3:eb:7d:7:a8,6.01,2.0+OPENLOG+15552 MB+DS3231+BME280+PMSX003-B+PMSX003-A,75,52,56,994.82,0.05,36568,0,368,22.51,31.98,34.24,21.29,30.92,34.24,93,91,4067.90,1133.27,188.41,11.42,2.34,0.71,23.93,33.05,34.19,22.23,31.70,34.19,95,92,4189.26,1197.04,174.54,11.60,1.82,0.39
2023/06/02T05:01:01z,84:f3:eb:7d:7:a8,6.01,2.0+OPENLOG+15552 MB+DS3231+BME280+PMSX003-B+PMSX003-A,75,51,56,994.83,0.05,36568,0,488,22.72,31.84,35.02,21.43,30.74,35.02,93,90,4109.79,1156.66,184.78,13.41,3.24,1.00,23.85,33.74,35.36,22.08,32.04,35.36,97,93,4197.91,1201.55,183.36,12.25,2.57,0.45
2023/06/02T05:03:01z,84:f3:eb:7d:7:a8,6.01,2.0+OPENLOG+15552 MB+DS3231+BME280+PMSX003-B+PMSX003-A,75,52,56,994.84,0.05,36568,0,608,22.91,32.02,33.48,21.69,30.86,33.48,93,90,4060.09,1148.62,195.22,9.34,1.69,0.48,23.66,32.64,35.14,22.10,31.22,35.14,94,91,4174.50,1204.26,173.64,13.60,4.59,0.41
2023/06/02T05:05:01z,84:f3:eb:7d:7:a8,6.01,2.0+OPENLOG+15552 MB+DS3231+BME280+PMSX003-B+PMSX003-A,75,52,56,994.85,0.05,36568,0,728,22.02,30.72,32.97,21.00,29.97,32.97,90,89,4059.93,1129.00,195.22,10.72,2.24,0.45,24.59,32.68,34.22,22.53,31.41,34.22,94,92,4186.27,1211.46,176.12,9.15,2.31,1.08
2023/06/02T05:07:01z,84:f3:eb:7d:7:a8,6.01,2.0+OPENLOG+15552 MB+DS3231+BME280+PMSX003-B+PMSX003-A,75,52,56,994.76,0.05,36568,0,848,21.88,31.09,34.31,20.91,30.24,34.31,91,89,3980.95,1129.52,182.28,13.72,3.59,1.41,24.27,34.82,37.22,22.36,32.62,37.22,99,94,4309.15,1228.25,197.67,12.47,2.87,1.75
2023/06/02T05:09:01z,84:f3:eb:7d:7:a8,6.01,2.0+OPENLOG+15552 MB+DS3231+BME280+PMSX003-B+PMSX003-A,75,52,56,994.77,0.05,36568,0,968,22.44,31.42,33.60,21.25,30.53,33.60,92,90,4077.84,1136.88,179.88,12.61,2.18,0.70,24.42,34.26,37.74,22.42,32.32,37.74,98,94,4255.68,1222.75,189.84,15.70,4.88,2.35
2023/06/02T05:11:01z,84:f3:eb:7d:7:a8,6.01,2.0+OPENLOG+15552 MB+DS3231+BME280+PMSX003-B+PMSX003-A,75,52,56,994.76,0.05,36568,0,1088,22.59,30.80,33.56,21.39,30.25,33.56,90,89,4011.86,1133.41,171.86,12.34,3.80,0.92,25.12,35.09,37.37,22.70,32.81,37.37,99,95,4441.74,1271.86,194.32,13.75,3.86,0.49
2023/06/02T05:13:01z,84:f3:eb:7d:7:a8,6.01,2.0+OPENLOG+15552 MB+DS3231+BME280+PMSX003-B+PMSX003-A,74,52,55,994.73,0.05,35632,0,1208,22.98,31.64,34.35,21.40,30.58,34.35,92,90,4162.47,1172.00,180.33,12.95,3.24,1.42,24.26,33.36,34.98,22.34,31.67,34.98,96,92,4235.33,1215.78,183.79,11.84,2.38,0.76
2023/06/02T05:15:11z,84:f3:eb:7d:7:a8,6.01,2.0+OPENLOG+15552 MB+DS3231+BME280+PMSX003-B+PMSX003-A,74,53,56,994.66,nan,36656,0,128,22.51,31.30,34.49,21.30,30.49,34.49,91,90,3952.26,1125.86,187.58,15.23,3.58,0.23,22.85,33.50,35.42,21.38,31.67,35.42,96,92,4136.02,1193.15,192.85,13.18,3.00,0.80
2023/06/02T05:17:11z,84:f3:eb:7d:7:a8,6.01,2.0+OPENLOG+15552 MB+DS3231+BME280+PMSX003-B+PMSX003-A,74,53,55,994.69,0.05,36504,0,248,21.52,29.19,32.17,20.61,28.91,32.17,87,86,3912.89,1088.72,174.74,11.20,3.67,1.48,23.53,32.80,34.36,22.02,31.41,34.36,95,92,4194.56,1198.08,172.15,10.05,2.51,0.34
2023/06/02T05:19:11z,84:f3:eb:7d:7:a8,6.01,2.0+OPENLOG+15552 MB+DS3231+BME280+PMSX003-B+PMSX003-A,74,53,56,994.60,0.05,36504,0,368,22.03,31.18,33.53,20.98,30.37,33.53,91,89,3996.00,1130.02,176.72,14.30,2.90,1.10,22.75,31.15,32.22,21.47,30.42,32.22,91,90,4070.44,1154.80,167.83,8.61,1.49,0.47
2023/06/02T05:21:11z,84:f3:eb:7d:7:a8,6.01,2.0+OPENLOG+15552 MB+DS3231+BME280+PMSX003-B+PMSX003-A,74,53,56,994.64,0.05,36504,0,488,23.18,32.47,34.54,21.56,30.89,34.54,94,91,4208.63,1187.02,192.04,12.14,1.79,0.42,24.85,32.67,34.43,22.57,31.31,34.43,94,91,4325.00,1246.44,186.57,8.43,2.56,1.07
2023/06/02T05:23:11z,84:f3:eb:7d:7:a8,6.01,2.0+OPENLOG+15552 MB+DS3231+BME280+PMSX003-B+PMSX003-A,74,53,55,994.60,0.05,36504,0,608,22.88,30.70,33.14,21.49,29.95,33.14,90,89,4026.47,1135.42,179.95,9.23,2.63,0.74,23.78,33.91,36.64,21.87,31.98,36.64,97,93,4209.27,1212.87,193.49,14.53,4.65,1.13
2023/06/02T05:25:11z,84:f3:eb:7d:7:a8,6.01,2.0+OPENLOG+15552 MB+DS3231+BME280+PMSX003-B+PMSX003-A,74,53,55,994.60,0.05,36504,0,728,20.63,29.28,31.24,20.09,28.87,31.24,87,86,3777.11,1071.20,173.61,9.91,1.74,0.37,21.90,30.50,33.52,20.66,29.66,33.52,90,88,3932.95,1117.28,174.19,14.34,4.86,1.69
2023/06/02T05:27:11z,84:f3:eb:7d:7:a8,6.01,2.0+OPENLOG+15552 MB+DS3231+BME280+PMSX003-B+PMSX003-A,74,53,55,994.62,0.05,36504,0,848,21.71,31.64,34.10,20.67,30.72,34.10,92,90,3893.74,1108.83,192.22,14.62,1.97,1.45,24.41,34.38,37.05,22.43,32.48,37.05,98,94,4255.18,1207.79,190.59,14.41,4.11,1.46
2023/06/02T05:29:11z,84:f3:eb:7d:7:a8,6.01,2.0+OPENLOG+15552 MB+DS3231+BME280+PMSX003-B+PMSX003-A,73,53,55,993.55,0.05,36504,0,968,22.80,32.71,33.93,21.51,31.41,33.93,94,92,4082.24,1141.53,197.88,13.83,0.51,0.17,23.68,33.34,36.04,21.93,31.77,36.04,96,92,4137.86,1193.55,195.77,11.46,4.11,1.93
2023/06/02T05:31:11z,84:f3:eb:7d:7:a8,6.01,2.0+OPENLOG+15552 MB+DS3231+BME280+PMSX003-B+PMSX003-A,74,53,56,994.59,0.05,36504,0,1088,22.53,32.12,34.51,21.37,30.95,34.51,93,91,4032.32,1151.04,191.28,13.12,2.53,0.39,24.19,33.83,36.00,22.24,32.11,36.00,97,93,4195.33,1204.06,194.50,10.35,3.37,1.22
2023/06/02T05:33:11z,84:f3:eb:7d:7:a8,6.01,2.0+OPENLOG+15552 MB+DS3231+BME280+PMSX003-B+PMSX003-A,74,53,56,994.57,0.05,36504,0,1208,21.51,29.96,33.87,20.62,29.55,33.87,89,88,3795.57,1078.36,181.42,13.55,5.25,0.87,23.86,33.68,35.47,22.15,32.05,35.47,96,93,4201.37,1220.19,191.78,11.56,2.78,1.08
2023/06/02T05:35:20z,84:f3:eb:7d:7:a8,6.01,2.0+OPENLOG+15552 MB+DS3231+BME280+PMSX003-B+PMSX003-A,74,54,56,994.53,nan,36656,0,129,20.81,30.17,33.57,20.14,29.62,33.57,89,88,3784.79,1062.45,186.69,14.62,3.86,1.33,22.42,31.58,32.70,21.38,30.67,32.70,92,90,4024.35,1142.90,186.00,9.38,2.10,0.00
2023/06/02T05:37:20z,84:f3:eb:7d:7:a8,6.01,2.0+OPENLOG+15552 MB+DS3231+BME280+PMSX003-B+PMSX003-A,74,54,56,994.55,0.05,36504,0,249,21.15,31.18,34.05,20.35,30.40,34.05,91,89,3885.44,1093.02,184.42,14.84,2.58,0.58,23.54,33.85,35.58,21.85,32.08,35.58,97,93,4077.66,1182.17,195.34,12.85,2.41,1.12
2023/06/02T05:39:20z,84:f3:eb:7d:7:a8,6.01,2.0+OPENLOG+15552 MB+DS3231+BME280+PMSX003-B+PMSX003-A,73,54,55,994.61,0.05,36504,0,369,21.39,30.19,33.11,20.58,29.74,33.11,89,88,3828.63,1077.42,178.93,11.02,2.88,0.98,23.16,32.87,34.69,21.53,31.40,34.69,95,92,4143.82,1192.13,187.33,11.55,2.95,0.00
2023/06/02T05:41:20z,84:f3:eb:7d:7:a8,6.01,2.0+OPENLOG+15552 MB+DS3231+BME280+PMSX003-B+PMSX003-A,73,54,55,994.60,0.05,36504,0,489,22.38,31.43,34.45,21.30,30.58,34.45,92,90,3943.95,1111.38,187.52,14.07,2.63,1.50,22.73,32.46,33.70,21.41,31.21,33.70,94,91,3991.55,1157.02,190.16,12.25,2.36,0.00
2023/06/02T05:43:20z,84:f3:eb:7d:7:a8,6.01,2.0+OPENLOG+15552 MB+DS3231+BME280+PMSX003-B+PMSX003-A,73,55,55,994.70,0.05,36504,0,609,23.40,32.09,35.59,21.90,31.03,35.59,93,91,4128.47,1168.59,187.66,12.66,4.93,1.62,23.64,33.83,36.29,21.73,31.78,36.29,97,92,4239.00,1230.92,199.19,11.56,3.86,0.54
2023/06/02T05:45:20z,84:f3:eb:7d:7:a8,6.01,2.0+OPENLOG+15552 MB+DS3231+BME280+PMSX003-B+PMSX003-A,74,54,56,994.74,0.05,36504,0,729,21.61,30.21,32.62,20.70,29.68,32.62,89,88,3902.52,1085.64,172.91,13.82,3.21,1.04,23.51,32.61,33.25,21.85,31.31,33.25,94,91,4093.42,1176.68,178.66,10.36,1.08,0.31
2023/06/02T05:47:20z,84:f3:eb:7d:7:a8,6.01,2.0+OPENLOG+15552 MB+DS3231+BME280+PMSX003-B+PMSX003-A,74,54,56,994.79,0.05,36504,0,849,21.97,31.32,33.03,20.93,30.54,33.03,91,90,3972.66,1107.47,184.05,10.36,2.54,1.02,23.91,33.60,35.41,22.14,31.93,35.38,96,93,4200.05,1199.33,185.05,13.52,2.72,0.97
2023/06/02T05:49:20z,84:f3:eb:7d:7:a8,6.01,2.0+OPENLOG+15552 MB+DS3231+BME280+PMSX003-B+PMSX003-A,73,54,55,994.70,0.05,36504,0,969,22.65,33.58,36.21,21.56,31.98,36.21,96,93,4101.79,1159.25,214.32,15.26,3.19,1.16,25.17,36.43,38.43,22.81,33.74,38.43,103,97,4365.72,1263.28,204.09,12.76,2.96,1.11
2023/06/02T05:51:20z,84:f3:eb:7d:7:a8,6.01,2.0+OPENLOG+15552 MB+DS3231+BME280+PMSX003-B+PMSX003-A,73,54,55,994.69,0.05,36504,0,1089,21.26,29.54,32.33,20.40,29.07,32.33,88,87,3896.47,1086.23,177.74,12.81,3.05,0.95,24.47,34.60,36.31,22.38,32.45,36.31,98,94,4300.15,1235.18,196.55,12.60,2.22,1.05
2023/06/02T05:53:20z,84:f3:eb:7d:7:a8,6.01,2.0+OPENLOG+15552 MB+DS3231+BME280+PMSX003-B+PMSX003-A,73,54,55,994.64,0.05,36504,0,1209,21.87,29.71,32.82,20.85,29.33,32.82,88,87,3939.27,1096.31,175.27,12.15,2.73,1.27,24.32,35.02,36.73,22.35,32.73,36.73,99,94,4214.60,1223.47,192.82,14.17,2.73,0.33
2023/06/02T05:55:30z,84:f3:eb:7d:7:a8,6.01,2.0+OPENLOG+15552 MB+DS3231+BME280+PMSX003-B+PMSX003-A,73,54,55,994.64,nan,36656,0,129,21.93,32.88,36.43,20.88,31.38,36.43,95,92,4078.14,1149.29,205.86,15.10,4.33,1.05,23.03,33.86,36.65,21.62,32.27,36.65,97,93,4167.16,1199.05,187.59,12.11,4.05,1.68
2023/06/02T05:57:30z,84:f3:eb:7d:7:a8,6.01,2.0+OPENLOG+15552 MB+DS3231+BME280+PMSX003-B+PMSX003-A,73,54,55,994.64,0.05,36568,0,249,22.45,31.18,34.77,21.29,30.38,34.77,91,89,3979.77,1122.38,191.75,13.96,3.93,1.21,23.98,34.20,35.03,22.17,32.17,35.03,97,93,4117.47,1195.47,189.81,11.15,0.95,0.37
2023/06/02T05:59:30z,84:f3:eb:7d:7:a8,6.01,2.0+OPENLOG+15552 MB+DS3231+BME280+PMSX003-B+PMSX003-A,73,54,55,994.60,0.05,36504,0,369,22.03,31.13,32.72,20.93,30.52,32.72,91,90,3917.00,1096.12,194.02,10.40,1.93,0.17,23.73,34.45,35.27,21.95,32.46,35.27,98,94,4118.73,1199.62,189.89,15.36,1.39,0.18
2023/06/02T06:01:30z,84:f3:eb:7d:7:a8,6.01,2.0+OPENLOG+15552 MB+DS3231+BME280+PMSX003-B+PMSX003-A,73,54,55,994.61,0.05,36504,0,489,21.83,31.69,33.07,20.86,30.72,33.07,92,90,3993.21,1118.93,190.66,10.48,1.24,0.62,24.96,35.54,38.64,22.75,32.98,38.61,101,95,4311.16,1241.62,207.86,12.30,4.79,1.89
2023/06/02T06:03:30z,84:f3:eb:7d:7:a8,6.01,2.0+OPENLOG+15552 MB+DS3231+BME280+PMSX003-B+PMSX003-A,73,55,56,994.67,0.05,36504,0,609,23.29,34.46,36.41,21.71,32.50,36.41,98,94,4184.68,1190.82,228.39,11.96,1.86,0.57,24.14,34.37,37.81,22.22,32.44,37.81,98,94,4291.17,1236.54,196.19,16.83,5.02,2.85
2023/06/02T06:05:30z,84:f3:eb:7d:7:a8,6.01,2.0+OPENLOG+15552 MB+DS3231+BME280+PMSX003-B+PMSX003-A,73,55,56,994.59,0.05,36504,0,729,22.18,32.47,35.16,21.11,31.13,35.16,94,91,4099.96,1152.64,198.67,13.20,3.35,1.45,24.53,36.75,38.02,22.60,33.80,38.02,104,97,4369.31,1248.73,208.07,13.95,2.25,0.00
2023/06/02T06:07:30z,84:f3:eb:7d:7:a8,6.01,2.0+OPENLOG+15552 MB+DS3231+BME280+PMSX003-B+PMSX003-A,73,55,55,994.60,0.05,36504,0,849,21.69,31.24,34.24,20.95,30.47,34.24,91,90,3959.17,1111.14,186.62,15.45,3.17,0.79,24.93,35.53,36.96,22.65,32.98,36.96,101,95,4327.20,1250.87,203.25,11.36,2.33,0.65
2023/06/02T06:09:30z,84:f3:eb:7d:7:a8,6.01,2.0+OPENLOG+15552 MB+DS3231+BME280+PMSX003-B+PMSX003-A,73,55,55,994.52,0.05,36504,0,969,22.29,31.95,34.78,21.03,30.92,34.78,93,91,4034.54,1131.27,194.17,14.07,2.44,0.78,24.04,34.51,36.75,22.09,32.40,36.75,98,94,4329.98,1242.20,199.13,13.67,3.75,1.53
2023/06/02T06:11:30z,84:f3:eb:7d:7:a8,6.01,2.0+OPENLOG+15552 MB+DS3231+BME280+PMSX003-B+PMSX003-A,73,55,56,994.58,0.05,36504,0,1089,21.61,32.28,34.88,20.74,31.11,34.88,93,91,3974.32,1111.42,202.54,14.81,2.53,1.26,24.53,35.55,37.40,22.42,33.02,37.40,101,95,4272.00,1240.18,199.78,12.29,2.65,1.35
2023/06/02T06:13:30z,84:f3:eb:7d:7:a8,6.01,2.0+OPENLOG+15552 MB+DS3231+BME280+PMSX003-B+PMSX003-A,73,55,56,994.55,0.05,36504,0,1209,22.89,33.80,35.83,21.65,32.09,35.83,97,93,4125.06,1157.61,207.96,12.26,2.67,1.04,24.53,33.59,34.39,22.51,32.02,34.39,96,93,4217.59,1215.58,198.92,7.19,1.29,0.27
2023/06/02T06:15:40z,84:f3:eb:7d:7:a8,6.01,2.0+OPENLOG+15552 MB+DS3231+BME280+PMSX003-B+PMSX003-A,73,55,56,994.56,nan,36656,0,129,21.98,32.42,34.51,20.93,31.02,34.51,94,91,3982.95,1135.07,189.26,14.47,2.84,0.93,23.08,33.55,35.12,21.40,31.65,35.12,96,92,4199.10,1202.07,186.15,14.38,2.50,0.30
2023/06/02T06:17:40z,84:f3:eb:7d:7:a8,6.01,2.0+OPENLOG+15552 MB+DS3231+BME280+PMSX003-B+PMSX003-A,73,55,56,994.63,0.05,36504,0,249,22.80,32.47,35.25,21.35,31.16,35.25,94,91,4058.73,1155.75,199.84,12.91,3.24,1.42,24.93,34.50,36.45,22.71,32.52,36.45,98,94,4238.38,1228.66,206.78,10.43,3.10,0.93
2023/06/02T06:19:40z,84:f3:eb:7d:7:a8,6.01,2.0+OPENLOG+15552 MB+DS3231+BME280+PMSX003-B+PMSX003-A,73,55,56,994.58,0.05,36504,0,369,23.19,33.44,34.66,21.75,31.75,34.66,96,92,4146.81,1175.47,202.05,10.37,1.19,0.37,23.70,34.21,36.05,22.02,32.25,36.05,97,93,4232.95,1211.33,199.28,9.40,2.77,1.26
2023/06/02T06:21:40z,84:f3:eb:7d:7:a8,6.01,2.0+OPENLOG+15552 MB+DS3231+BME280+PMSX003-B+PMSX003-A,73,55,56,994.64,0.05,36504,0,489,22.92,32.22,35.02,21.62,30.97,35.02,93,91,4068.05,1149.93,195.13,13.37,3.47,0.83,25.63,35.85,37.44,23.07,33.31,37.44,102,96,4392.28,1268.26,209.48,11.98,2.48,0.89
2023/06/02T06:23:40z,84:f3:eb:7d:7:a8,6.01,2.0+OPENLOG+15552 MB+DS3231+BME280+PMSX003-B+PMSX003-A,73,55,55,994.68,0.05,36504,0,609,21.79,31.21,33.26,20.81,30.44,33.26,91,90,3942.26,1107.88,199.70,10.88,2.70,0.49,24.04,34.04,35.27,22.20,32.23,35.27,97,93,4171.82,1209.34,187.20,10.64,2.36,0.29
2023/06/02T06:25:40z,84:f3:eb:7d:7:a8,6.01,2.0+OPENLOG+15552 MB+DS3231+BME280+PMSX003-B+PMSX003-A,73,54,55,994.61,0.05,36504,0,729,21.29,29.77,32.05,20.48,29.38,32.05,88,87,3743.73,1055.96,176.82,10.50,3.07,0.50,22.93,33.17,35.36,21.55,31.62,35.36,95,92,4094.69,1174.76,185.90,15.24,3.31,1.55
2023/06/02T06:27:40z,84:f3:eb:7d:7:a8,6.01,2.0+OPENLOG+15552 MB+DS3231+BME280+PMSX003-B+PMSX003-A,73,54,55,994.64,0.05,36504,0,849,20.37,29.60,31.16,19.75,29.12,31.16,88,87,3713.11,1059.28,188.77,9.19,1.96,0.98,22.11,31.46,32.84,20.91,30.39,32.84,92,89,4035.96,1148.79,184.39,10.77,2.50,0.32
2023/06/02T06:29:40z,84:f3:eb:7d:7:a8,6.01,2.0+OPENLOG+15552 MB+DS3231+BME280+PMSX003-B+PMSX003-A,73,54,55,994.59,0.05,36504,0,969,21.05,28.70,30.26,20.11,28.53,30.26,86,86,3763.42,1063.25,160.96,9.65,1.86,0.49,22.00,32.06,33.94,20.94,30.98,33.94,93,91,3891.91,1121.51,185.30,11.81,2.87,0.87
2023/06/02T06:31:40z,84:f3:eb:7d:7:a8,6.01,2.0+OPENLOG+15552 MB+DS3231+BME280+PMSX003-B+PMSX003-A,73,55,56,994.58,0.05,36504,0,1089,20.12,27.68,28.14,19.51,27.53,28.14,84,83,3716.42,1040.67,158.79,8.35,0.67,0.00,21.93,32.12,33.98,20.75,30.88,33.98,93,90,3903.36,1121.98,183.51,14.81,2.58,0.64
2023/06/02T06:33:40z,84:f3:eb:7d:7:a8,6.01,2.0+OPENLOG+15552 MB+DS3231+BME280+PMSX003-B+PMSX003-A,73,54,55,994.61,0.05,36504,0,1209,19.55,27.95,28.62,19.27,27.80,28.62,84,84,3595.77,993.46,167.36,8.39,1.07,0.00,22.29,31.93,32.98,21.03,30.83,32.98,93,90,3881.08,1111.78,177.76,13.36,1.86,0.95
2023/06/02T06:35:50z,84:f3:eb:7d:7:a8,6.01,2.0+OPENLOG+15552 MB+DS3231+BME280+PMSX003-B+PMSX003-A,73,54,55,994.61,nan,36656,0,129,21.44,30.37,32.22,20.63,29.95,32.22,89,89,3734.63,1067.51,175.44,14.71,1.95,1.17,22.92,31.95,35.08,21.42,30.65,35.08,93,90,4029.90,1173.53,183.15,11.20,4.75,1.80
2023/06/02T06:37:50z,84:f3:eb:7d:7:a8,6.01,2.0+OPENLOG+15552 MB+DS3231+BME280+PMSX003-B+PMSX003-A,73,54,55,994.60,0.05,36568,0,249,20.46,28.48,30.52,20.02,28.38,30.52,85,85,3621.91,1033.38,166.45,8.68,2.11,1.29,21.46,31.27,33.18,20.39,30.36,33.18,91,89,3921.59,1122.61,176.84,11.77,2.79,1.36
2023/06/02T06:39:50z,84:f3:eb:7d:7:a8,6.01,2.0+OPENLOG+15552 MB+DS3231+BME280+PMSX003-B+PMSX003-A,73,55,55,994.57,0.05,36504,0,369,20.82,31.16,33.37,20.19,30.40,33.37,91,89,3845.16,1071.37,194.98,12.91,2.70,1.47,21.17,30.81,32.61,20.39,30.20,32.61,90,89,3781.22,1085.59,171.15,12.98,2.85,0.81
2023/06/02T06:41:50z,84:f3:eb:7d:7:a8,6.01,2.0+OPENLOG+15552 MB+DS3231+BME280+PMSX003-B+PMSX003-A,73,54,55,994.60,0.05,36504,0,489,21.21,29.40,32.05,20.47,29.02,32.05,87,87,3806.90,1073.79,173.43,11.24,3.59,0.79,22.67,31.60,34.00,21.29,30.60,34.00,92,90,3887.24,1120.24,181.44,13.84,3.64,1.96
2023/06/02T06:43:50z,84:f3:eb:7d:7:a8,6.01,2.0+OPENLOG+15552 MB+DS3231+BME280+PMSX003-B+PMSX003-A,73,54,55,994.62,0.05,36504,0,609,18.93,28.13,29.38,18.80,27.93,29.38,85,84,3446.51,976.85,176.05,9.02,1.38,0.58,23.54,32.12,34.86,22.00,31.02,34.86,93,91,4013.63,1170.18,176.67,12.19,4.11,1.16
2023/06/02T06:45:50z,84:f3:eb:7d:7:a8,6.01,2.0+OPENLOG+15552 MB+DS3231+BME280+PMSX003-B+PMSX003-A,73,55,55,994.57,0.05,36504,0,729,20.14,28.37,30.58,19.70,28.18,30.58,85,85,3657.58,1030.98,173.05,8.70,2.21,1.65,21.36,29.97,32.08,20.36,29.39,32.08,89,87,3807.36,1085.41,162.97,13.42,3.39,0.17
2023/06/02T06:47:50z,84:f3:eb:7d:7:a8,6.01,2.0+OPENLOG+15552 MB+DS3231+BME280+PMSX003-B+PMSX003-A,73,54,55,994.59,0.05,36504,0,849,19.81,27.02,30.74,19.36,26.95,30.74,82,82,3588.67,1009.19,166.88,11.97,4.17,2.38,21.41,30.84,32.80,20.61,30.05,32.80,90,89,3820.61,1088.71,170.64,11.84,3.18,1.04
2023/06/02T06:49:50z,84:f3:eb:7d:7:a8,6.01,2.0+OPENLOG+15552 MB+DS3231+BME280+PMSX003-B+PMSX003-A,73,54,55,994.54,0.05,36504,0,969,19.81,28.86,30.41,19.38,28.59,30.41,86,86,3588.36,1024.78,169.17,11.79,1.41,0.52,20.29,28.82,30.71,19.88,28.59,30.71,86,86,3594.75,1026.77,162.30,11.43,2.71,1.11
2023/06/02T06:51:50z,84:f3:eb:7d:7:a8,6.01,2.0+OPENLOG+15552 MB+DS3231+BME280+PMSX003-B+PMSX003-A,68,54,51,989.89,0.05,36504,0,1089,20.66,29.33,31.79,20.07,29.03,31.79,87,87,3757.29,1061.57,180.60,11.07,2.66,0.69,21.75,30.31,31.76,20.71,29.75,31.76,89,88,3849.44,1101.91,172.11,9.29,2.15,0.73
2023/06/02T06:53:50z,84:f3:eb:7d:7:a8,6.01,2.0+OPENLOG+15552 MB+DS3231+BME280+PMSX003-B+PMSX003-A,73,55,55,994.56,0.05,36504,0,1209,21.39,29.06,31.69,20.56,28.57,31.69,87,86,3810.94,1081.43,169.78,10.28,2.52,1.63,22.43,31.69,32.60,21.29,30.71,32.60,92,90,3950.59,1116.98,174.72,10.74,0.93,0.31
2023/06/02T06:55:59z,84:f3:eb:7d:7:a8,6.01,2.0+OPENLOG+15552 MB+DS3231+BME280+PMSX003-B+PMSX003-A,73,55,56,994.62,nan,36656,0,128,19.52,27.88,30.62,19.26,27.71,30.62,84,84,3659.57,1010.21,164.14,12.43,2.57,0.62,22.67,31.67,33.10,21.25,30.42,33.10,92,90,4015.05,1168.30,187.35,11.70,2.05,0.80
2023/06/02T06:57:59z,84:f3:eb:7d:7:a8,6.01,2.0+OPENLOG+15552 MB+DS3231+BME280+PMSX003-B+PMSX003-A,73,55,55,994.64,0.05,36568,0,248,21.07,29.93,31.69,20.39,29.28,31.69,88,87,3811.94,1064.85,177.48,12.24,1.41,0.00,22.59,32.26,34.67,21.29,31.00,34.67,93,91,4011.52,1167.36,179.53,10.26,3.69,1.10
2023/06/02T06:59:59z,84:f3:eb:7d:7:a8,6.01,2.0+OPENLOG+15552 MB+DS3231+BME280+PMSX003-B+PMSX003-A,72,55,55,994.68,0.05,36568,0,368,20.34,30.55,32.83,19.81,30.00,32.83,90,89,3747.41,1065.38,192.24,13.69,2.69,0.48,22.68,32.86,35.50,21.38,31.38,35.50,95,92,4081.18,1161.04,181.84,14.96,4.43,1.50
2023/06/02T07:01:59z,84:f3:eb:7d:7:a8,6.01,2.0+OPENLOG+15552 MB+DS3231+BME280+PMSX003-B+PMSX003-A,72,55,55,994.64,0.05,36504,0,488,21.32,30.76,33.49,20.42,29.98,33.49,90,89,3879.81,1096.75,186.14,13.08,2.64,0.68,22.05,31.35,33.73,20.87,30.42,33.73,91,90,3904.75,1124.56,178.36,12.64,3.38,0.69
2023/06/02T07:03:59z,84:f3:eb:7d:7:a8,6.01,2.0+OPENLOG+15552 MB+DS3231+BME280+PMSX003-B+PMSX003-A,72,55,55,994.63,0.05,36504,0,608,21.70,31.72,34.54,20.75,30.82,34.54,92,90,3805.42,1090.72,194.77,13.74,3.44,1.33,22.76,33.56,35.76,21.50,31.94,35.76,96,93,4077.39,1169.37,190.89,12.63,3.89,0.56
2023/06/02T07:05:59z,84:f3:eb:7d:7:a8,6.01,2.0+OPENLOG+15552 MB+DS3231+BME280+PMSX003-B+PMSX003-A,72,55,55,994.58,0.05,36504,0,728,21.47,30.07,34.16,20.55,29.78,34.16,89,88,3879.60,1086.49,183.36,14.95,4.58,1.38,23.07,32.21,33.72,21.64,30.88,33.72,93,90,3954.26,1143.52,184.12,12.67,2.69,0.45
2023/06/02T07:07:59z,84:f3:eb:7d:7:a8,6.01,2.0+OPENLOG+15552 MB+DS3231+BME280+PMSX003-B+PMSX003-A,72,55,55,994.60,0.05,36504,0,848,21.68,30.82,32.74,20.84,30.09,32.74,90,89,3903.63,1101.00,189.33,8.67,2.21,0.39,22.72,33.68,35.47,21.37,31.89,35.47,96,93,4028.63,1164.86,214.02,12.81,2.46,0.46
2023/06/02T07:09:59z,84:f3:eb:7d:7:a8,6.01,2.0+OPENLOG+15552 MB+DS3231+BME280+PMSX003-B+PMSX003-A,72,55,55,994.54,0.05,36504,0,968,21.36,31.24,33.90,20.50,30.38,33.90,91,89,3810.62,1088.43,182.36,15.31,2.66,1.00,23.00,32.95,34.07,21.75,31.60,34.07,95,92,3981.71,1147.75,193.24,13.96,1.82,0.00
2023/06/02T07:11:59z,84:f3:eb:7d:7:a8,6.01,2.0+OPENLOG+15552 MB+DS3231+BME280+PMSX003-B+PMSX003-A,72,55,55,994.54,0.05,36504,0,1088,21.59,30.75,32.88,20.70,30.11,32.88,90,89,3816.70,1080.52,186.27,10.93,2.07,1.07,23.91,32.22,33.45,22.07,31.05,33.45,93,91,4178.84,1199.53,184.79,8.38,1.66,1.03
2023/06/02T07:13:59z,84:f3:eb:7d:7:a8,6.01,2.0+OPENLOG+15552 MB+DS3231+BME280+PMSX003-B+PMSX003-A,72,55,55,994.53,0.05,36504,0,1208,20.91,29.43,31.39,20.17,29.11,31.39,87,87,3724.94,1046.87,162.48,9.19,2.93,0.74,23.34,32.95,36.00,21.97,31.69,36.00,95,92,4050.98,1172.43,191.38,14.86,5.14,1.24
2023/06/02T07:16:09z,84:f3:eb:7d:7:a8,6.01,2.0+OPENLOG+15552 MB+DS3231+BME280+PMSX003-B+PMSX003-A,72,56,55,994.53,nan,36656,0,129,20.17,29.75,31.58,19.45,29.12,31.58,88,87,3776.55,1068.38,181.80,14.45,1.45,0.45,23.39,32.05,33.46,21.71,30.95,33.46,93,91,4121.63,1176.59,182.20,9.68,2.29,0.93
2023/06/02T07:18:09z,84:f3:eb:7d:7:a8,6.01,2.0+OPENLOG+15552 MB+DS3231+BME280+PMSX003-B+PMSX003-A,72,55,55,994.53,0.05,36504,0,249,20.50,30.93,32.70,19.77,30.04,32.70,91,89,3831.32,1085.68,190.34,14.82,1.57,0.00,23.32,33.27,35.37,21.75,31.67,35.37,96,92,4049.40,1153.68,194.28,11.13,2.70,0.93
2023/06/02T07:20:09z,84:f3:eb:7d:7:a8,6.01,2.0+OPENLOG+15552 MB+DS3231+BME280+PMSX003-B+PMSX003-A,72,56,55,994.52,0.05,36504,0,369,20.02,29.73,32.42,19.54,29.29,32.42,88,87,3739.68,1044.80,182.39,13.66,2.85,1.46,23.28,33.51,35.81,21.74,31.70,35.81,96,92,4093.63,1181.33,198.54,16.04,3.82,0.88
2023/06/02T07:22:09z,84:f3:eb:7d:7:a8,6.01,2.0+OPENLOG+15552 MB+DS3231+BME280+PMSX003-B+PMSX003-A,72,55,55,994.57,0.05,36504,0,489,20.75,30.44,32.58,20.12,29.98,32.58,90,89,3721.95,1060.95,189.42,12.39,2.91,0.00,21.43,30.24,32.19,20.56,29.65,32.19,89,88,3836.44,1095.48,175.02,11.00,3.04,0.70
2023/06/02T07:24:09z,84:f3:eb:7d:7:a8,6.01,2.0+OPENLOG+15552 MB+DS3231+BME280+PMSX003-B+PMSX003-A,72,56,55,994.59,0.05,36504,0,609,20.02,28.82,31.47,19.45,28.51,31.47,86,86,3720.16,1047.25,171.09,11.75,2.98,1.13,23.52,35.59,38.48,21.84,33.05,38.41,101,95,4190.84,1216.20,206.89,16.32,4.50,1.43
2023/06/02T07:26:09z,84:f3:eb:7d:7:a8,6.01,2.0+OPENLOG+15552 MB+DS3231+BME280+PMSX003-B+PMSX003-A,72,56,55,994.63,0.05,36504,0,729,20.74,30.96,33.55,19.81,30.02,33.55,91,89,3863.77,1110.42,196.57,13.09,2.23,1.85,23.53,33.60,34.84,21.95,31.88,34.84,96,93,4100.53,1183.67,195.63,11.44,1.89,0.35
2023/06/02T07:28:09z,84:f3:eb:7d:7:a8,6.01,2.0+OPENLOG+15552 MB+DS3231+BME280+PMSX003-B+PMSX003-A,72,56,55,994.65,0.05,36504,0,849,21.57,30.30,32.09,20.57,29.82,32.09,89,88,3800.89,1078.20,185.34,10.68,1.79,0.89,23.60,34.17,36.10,21.91,32.29,36.10,97,93,4190.74,1209.88,193.95,12.19,3.21,1.00
2023/06/02T07:30:09z,84:f3:eb:7d:7:a8,6.01,2.0+OPENLOG+15552 MB+DS3231+BME280+PMSX003-B+PMSX003-A,72,56,55,994.66,0.05,36504,0,969,21.16,30.90,32.78,20.33,30.05,32.78,91,89,3909.05,1100.90,183.78,10.79,2.48,0.93,23.05,32.82,34.22,21.73,31.42,34.22,95,92,4024.58,1153.42,193.11,11.96,2.51,0.47
2023/06/02T07:32:09z,84:f3:eb:7d:7:a8,6.01,2.0+OPENLOG+15552 MB+DS3231+BME280+PMSX003-B+PMSX003-A,71,56,54,993.69,0.05,36504,0,1089,22.16,31.93,34.32,21.12,30.75,34.32,93,90,3970.32,1123.35,180.91,15.65,2.98,0.53,22.91,33.12,34.67,21.65,31.56,34.67,95,92,4042.05,1156.30,188.82,12.18,2.46,0.35
2023/06/02T07:34:09z,84:f3:eb:7d:7:a8,6.01,2.0+OPENLOG+15552 MB+DS3231+BME280+PMSX003-B+PMSX003-A,72,55,55,994.70,0.05,36504,0,1209,20.24,29.41,32.06,19.76,29.02,32.06,87,87,3755.72,1053.37,182.59,13.44,3.89,1.00,23.42,34.62,36.80,21.91,32.55,36.80,98,94,4108.25,1187.89,201.93,15.62,3.53,1.13
2023/06/02T07:36:17z,84:f3:eb:7d:7:a8,6.01,2.0+OPENLOG+15552 MB+DS3231+BME280+PMSX003-B+PMSX003-A,72,56,55,994.67,nan,36656,0,128,22.21,31.21,33.81,21.24,30.26,33.81,91,89,3986.57,1133.98,194.33,12.95,1.19,0.90,22.51,33.65,35.62,21.00,31.57,35.62,96,92,4162.46,1191.11,202.86,12.62,2.92,0.86
2023/06/02T07:38:17z,84:f3:eb:7d:7:a8,6.01,2.0+OPENLOG+15552 MB+DS3231+BME280+PMSX003-B+PMSX003-A,70,56,53,993.10,0.05,36568,0,248,22.34,30.90,34.03,21.16,30.09,34.03,91,89,3939.93,1119.71,182.98,16.28,3.48,1.24,24.37,35.56,37.86,22.19,33.14,37.86,101,95,4242.21,1232.77,209.18,12.88,3.54,1.26
2023/06/02T07:40:17z,84:f3:eb:7d:7:a8,6.01,2.0+OPENLOG+15552 MB+DS3231+BME280+PMSX003-B+PMSX003-A,72,56,55,994.72,0.05,36384,0,368,21.62,31.62,34.57,20.71,30.66,34.57,92,90,3933.47,1111.84,194.16,13.86,3.72,1.93,24.50,33.29,35.59,22.27,31.64,35.59,96,92,4308.11,1227.29,192.11,10.29,3.79,0.96
2023/06/02T07:42:17z,84:f3:eb:7d:7:a8,6.01,2.0+OPENLOG+15552 MB+DS3231+BME280+PMSX003-B+PMSX003-A,72,56,55,994.70,0.05,36568,0,488,22.50,33.21,36.48,21.36,31.60,36.48,95,92,4151.48,1150.34,217.86,13.97,3.52,1.24,24.39,35.09,37.22,22.06,32.56,37.22,99,94,4351.56,1248.50,202.63,13.70,3.30,1.30
2023/06/02T07:44:17z,84:f3:eb:7d:7:a8,6.01,2.0+OPENLOG+15552 MB+DS3231+BME280+PMSX003-B+PMSX003-A,72,56,55,994.66,0.05,36568,0,608,22.51,31.63,33.16,21.18,30.61,33.16,92,90,4108.47,1165.33,188.37,9.30,1.40,0.00,23.73,34.58,38.39,22.03,32.47,38.39,98,94,4204.37,1213.47,201.49,16.51,6.27,2.20
2023/06/02T07:46:17z,84:f3:eb:7d:7:a8,6.01,2.0+OPENLOG+15552 MB+DS3231+BME280+PMSX003-B+PMSX003-A,71,56,54,994.73,0.05,36568,0,728,21.48,31.48,33.43,20.61,30.52,33.43,92,90,3985.34,1110.00,196.89,10.71,2.18,1.21,23.74,35.62,37.16,21.98,32.98,37.16,101,95,4292.28,1228.45,209.62,14.52,2.72,0.69
2023/06/02T07:48:17z,84:f3:eb:7d:7:a8,6.01,2.0+OPENLOG+15552 MB+DS3231+BME280+PMSX003-B+PMSX003-A,71,56,54,994.66,0.05,36568,0,848,21.91,32.68,35.47,21.00,31.46,35.47,94,92,3994.47,1129.16,209.58,13.63,2.77,1.26,23.26,33.89,35.70,21.79,32.19,35.70,97,93,4103.79,1179.56,192.60,13.26,3.02,0.18
2023/06/02T07:50:17z,84:f3:eb:7d:7:a8,6.01,2.0+OPENLOG+15552 MB+DS3231+BME280+PMSX003-B+PMSX003-A,71,56,54,994.69,0.05,36568,0,968,22.74,33.81,35.88,21.47,32.07,35.88,97,93,4132.24,1171.88,207.43,13.03,2.28,0.69,23.68,34.72,36.09,21.96,32.58,36.08,99,94,4167.74,1186.70,205.45,12.45,2.34,0.53
2023/06/02T07:52:17z,84:f3:eb:7d:7:a8,6.01,2.0+OPENLOG+15552 MB+DS3231+BME280+PMSX003-B+PMSX003-A,71,56,54,994.60,0.05,36568,0,1088,22.04,32.29,33.86,20.86,31.00,33.86,93,91,3954.43,1128.27,197.71,10.50,1.61,0.79,24.75,36.05,38.65,22.62,33.40,38.65,102,96,4299.82,1248.36,207.64,14.87,4.04,0.84
2023/06/02T07:54:17z,84:f3:eb:7d:7:a8,6.01,2.0+OPENLOG+15552 MB+DS3231+BME280+PMSX003-B+PMSX003-A,71,56,54,994.59,0.05,36568,0,1208,22.89,32.63,35.22,21.56,31.43,35.22,94,92,4022.78,1135.74,193.26,14.78,3.00,1.22,24.12,33.47,35.65,22.18,31.80,35.65,96,92,4158.05,1208.53,188.25,13.75,3.88,0.73
2023/06/02T07:56:26z,84:f3:eb:7d:7:a8,6.01,2.0+OPENLOG+15552 MB+DS3231+BME280+PMSX003-B+PMSX003-A,71,56,54,994.61,nan,36656,0,128,20.95,30.69,33.12,20.29,30.02,33.12,90,89,3882.57,1088.40,188.40,11.76,2.24,1.14,23.65,36.47,38.88,21.95,33.65,38.88,103,96,4307.55,1224.43,214.10,16.75,3.50,1.60
2023/06/02T07:58:26z,84:f3:eb:7d:7:a8,6.01,2.0+OPENLOG+15552 MB+DS3231+BME280+PMSX003-B+PMSX003-A,72,56,55,994.56,0.05,36504,0,248,21.93,32.14,35.39,20.86,31.02,35.39,93,91,4011.59,1139.88,210.34,15.84,3.93,2.07,23.58,34.44,35.73,22.03,32.54,35.73,98,94,4208.08,1204.02,198.03,11.83,2.34,0.44
2023/06/02T08:00:26z,84:f3:eb:7d:7:a8,6.01,2.0+OPENLOG+15552 MB+DS3231+BME280+PMSX003-B+PMSX003-A,71,56,54,994.53,0.05,36504,0,368,22.16,32.11,34.68,20.91,30.86,34.68,93,90,4036.50,1147.30,207.77,10.50,2.57,0.93,24.59,38.22,40.33,22.52,34.67,40.28,108,98,4360.78,1268.80,236.94,17.28,3.41,1.07
2023/06/02T08:02:26z,84:f3:eb:7d:7:a8,6.01,2.0+OPENLOG+15552 MB+DS3231+BME280+PMSX003-B+PMSX003-A,71,57,55,994.58,0.05,36504,0,488,23.28,33.35,36.63,21.68,31.63,36.63,96,92,4228.68,1186.23,198.44,16.02,3.47,1.23,24.64,35.89,37.76,22.40,33.18,37.76,102,95,4375.53,1265.44,211.38,13.15,2.76,1.20
2023/06/02T08:04:26z,84:f3:eb:7d:7:a8,6.01,2.0+OPENLOG+15552 MB+DS3231+BME280+PMSX003-B+PMSX003-A,71,57,55,994.56,0.05,36504,0,608,23.40,33.81,36.88,21.88,31.91,36.88,97,93,4116.84,1183.53,213.23,15.68,3.47,1.33,25.48,37.98,39.57,22.90,34.47,39.50,107,98,4475.64,1296.81,224.22,13.21,2.21,0.79
2023/06/02T08:06:26z,84:f3:eb:7d:7:a8,6.01,2.0+OPENLOG+15552 MB+DS3231+BME280+PMSX003-B+PMSX003-A,71,57,55,994.55,0.05,36504,0,728,22.24,33.70,35.15,21.15,32.04,35.15,96,93,4019.83,1158.72,210.04,11.96,1.26,0.22,24.19,36.25,38.23,22.02,33.33,38.23,103,96,4359.32,1247.05,209.09,14.16,2.84,1.37
2023/06/02T08:08:26z,84:f3:eb:7d:7:a8,6.01,2.0+OPENLOG+15552 MB+DS3231+BME280+PMSX003-B+PMSX003-A,71,57,55,994.50,0.05,36504,0,848,22.41,33.09,35.79,21.26,31.57,35.79,95,92,4107.41,1137.02,210.14,15.45,3.86,1.07,24.05,34.57,37.12,22.10,32.43,37.12,98,94,4279.09,1223.81,201.91,16.98,4.00,1.38
2023/06/02T08:10:26z,84:f3:eb:7d:7:a8,6.01,2.0+OPENLOG+15552 MB+DS3231+BME280+PMSX003-B+PMSX003-A,71,57,55,994.52,0.05,36504,0,968,23.32,34.50,36.35,21.65,32.30,36.35,98,93,4281.90,1203.38,206.50,14.70,2.10,0.10,24.55,36.47,38.84,22.36,33.55,38.78,103,96,4462.25,1273.67,208.80,18.53,3.53,1.27
2023/06/02T08:12:26z,84:f3:eb:7d:7:a8,6.01,2.0+OPENLOG+15552 MB+DS3231+BME280+PMSX003-B+PMSX003-A,71,57,55,994.52,0.05,36504,0,1088,21.91,32.02,34.78,20.71,30.71,34.78,93,90,4109.69,1149.38,203.78,14.21,3.10,1.86,24.89,35.14,37.61,22.40,32.54,37.61,99,94,4409.32,1269.86,206.61,15.14,4.25,0.32
2023/06/02T08:14:26z,84:f3:eb:7d:7:a8,6.01,2.0+OPENLOG+15552 MB+DS3231+BME280+PMSX003-B+PMSX003-A,71,57,55,994.48,0.05,36504,0,1208,23.55,35.75,39.53,21.83,33.15,39.53,102,95,4322.77,1209.81,231.51,16.94,3.96,1.06,25.36,35.56,37.83,22.76,32.95,37.83,101,95,4415.85,1268.80,204.53,15.44,3.25,1.76
2023/06/02T08:16:35z,84:f3:eb:7d:7:a8,6.01,2.0+OPENLOG+15552 MB+DS3231+BME280+PMSX003-B+PMSX003-A,71,57,55,994.56,nan,36656,0,128,23.74,35.98,37.38,22.00,33.26,37.38,102,96,4303.93,1215.29,222.69,13.10,1.86,0.52,25.68,38.45,39.84,22.92,34.58,39.84,108,98,4559.21,1318.47,228.18,13.34,2.21,0.95
2023/06/02T08:18:35z,84:f3:eb:7d:7:a8,6.01,2.0+OPENLOG+15552 MB+DS3231+BME280+PMSX003-B+PMSX003-A,71,57,55,994.50,0.05,36568,0,248,24.55,35.76,37.91,22.22,32.96,37.91,102,95,4417.25,1262.02,207.13,17.02,2.91,0.36,26.21,38.52,40.86,23.34,34.95,40.81,108,99,4554.05,1312.74,230.90,15.31,3.31,1.34
2023/06/02T08:20:35z,84:f3:eb:7d:7:a8,6.01,2.0+OPENLOG+15552 MB+DS3231+BME280+PMSX003-B+PMSX003-A,71,57,55,994.51,0.05,36568,0,368,25.40,36.00,37.96,22.88,33.37,37.96,102,96,4444.00,1263.04,221.70,11.30,2.18,0.81,26.61,39.39,41.23,23.57,35.39,41.23,111,100,4702.93,1360.12,238.41,15.55,3.07,0.89
2023/06/02T08:22:35z,84:f3:eb:7d:7:a8,6.01,2.0+OPENLOG+15552 MB+DS3231+BME280+PMSX003-B+PMSX003-A,71,57,55,994.54,0.05,36504,0,488,25.72,37.02,40.14,23.12,34.04,40.11,105,97,4546.53,1292.07,229.46,15.56,2.67,0.70,27.73,41.71,44.95,24.24,36.75,44.33,116,104,4797.87,1393.96,238.71,20.29,5.09,2.47
2023/06/02T08:24:35z,84:f3:eb:7d:7:a8,6.01,2.0+OPENLOG+15552 MB+DS3231+BME280+PMSX003-B+PMSX003-A,71,57,55,994.48,0.05,36504,0,608,25.14,37.75,41.42,22.81,34.40,41.32,107,98,4490.32,1284.28,237.60,20.23,3.09,1.02,27.37,40.28,42.49,23.82,35.77,42.26,113,102,4803.74,1387.25,252.58,15.58,3.40,0.70
2023/06/02T08:26:35z,84:f3:eb:7d:7:a8,6.01,2.0+OPENLOG+15552 MB+DS3231+BME280+PMSX003-B+PMSX003-A,71,57,55,994.55,0.05,36504,0,728,25.74,37.87,41.58,23.06,34.47,41.53,107,98,4580.89,1303.68,240.68,17.85,3.62,1.09,27.37,38.91,41.28,23.84,35.07,41.12,109,99,4836.53,1373.46,225.09,13.12,3.72,2.00
2023/06/02T08:28:35z,84:f3:eb:7d:7:a8,6.01,2.0+OPENLOG+15552 MB+DS3231+BME280+PMSX003-B+PMSX003-A,71,57,55,994.53,0.05,36504,0,848,26.64,37.61,41.14,23.55,34.36,41.11,106,98,4718.68,1330.04,226.34,14.71,4.25,0.93,28.76,42.69,45.51,24.65,37.29,44.80,119,105,4960.75,1437.98,263.85,17.33,4.33,0.51
2023/06/02T08:30:35z,84:f3:eb:7d:7:a8,6.01,2.0+OPENLOG+15552 MB+DS3231+BME280+PMSX003-B+PMSX003-A,71,57,55,994.47,0.05,36504,0,968,26.91,38.37,41.86,23.68,34.72,41.77,108,99,4708.53,1342.79,238.82,17.16,3.54,1.30,28.20,42.83,45.78,24.22,37.15,44.94,119,105,5010.72,1438.06,264.54,20.04,4.07,1.70
2023/06/02T08:32:35z,84:f3:eb:7d:7:a8,6.01,2.0+OPENLOG+15552 MB+DS3231+BME280+PMSX003-B+PMSX003-A,71,58,55,994.51,0.05,36504,0,1088,26.68,38.91,42.88,23.54,35.11,42.70,109,99,4648.21,1344.68,243.30,17.33,4.56,1.44,29.49,40.54,43.63,25.28,36.04,43.28,113,102,5025.63,1453.54,243.65,14.58,5.23,0.95
2023/06/02T08:34:35z,84:f3:eb:7d:7:a8,6.01,2.0+OPENLOG+15552 MB+DS3231+BME280+PMSX003-B+PMSX003-A,71,58,55,994.49,0.05,36504,0,1208,26.04,39.11,40.65,23.00,35.19,40.63,110,100,4723.94,1328.28,246.70,11.19,1.59,0.48,28.71,40.78,43.26,24.83,36.22,42.95,114,103,4920.31,1424.00,243.09,15.29,4.14,0.59
2023/06/02T08:36:45z,84:f3:eb:7d:7:a8,6.01,2.0+OPENLOG+15552 MB+DS3231+BME280+PMSX003-B+PMSX003-A,71,57,55,994.53,nan,36656,0,129,26.33,38.83,41.93,23.40,35.05,41.93,109,99,4744.07,1336.98,245.19,16.67,3.90,1.43,28.13,41.13,44.44,24.36,36.41,44.05,115,103,4826.54,1400.59,247.72,18.64,4.46,2.46
2023/06/02T08:38:45z,84:f3:eb:7d:7:a8,6.01,2.0+OPENLOG+15552 MB+DS3231+BME280+PMSX003-B+PMSX003-A,71,57,55,994.47,0.05,36568,0,249,25.96,37.09,39.96,23.15,33.87,39.96,105,97,4621.22,1309.35,227.06,14.67,3.52,0.33,27.88,41.12,43.20,24.30,36.41,42.89,115,103,4851.05,1401.55,251.88,16.05,3.00,2.07
2023/06/02T08:40:45z,84:f3:eb:7d:7:a8,6.01,2.0+OPENLOG+15552 MB+DS3231+BME280+PMSX003-B+PMSX003-A,71,58,55,994.41,0.05,36504,0,369,25.46,37.73,41.19,22.93,34.44,41.00,106,98,4549.83,1286.90,236.34,16.58,4.51,2.03,28.88,41.44,45.39,24.86,36.67,44.56,116,104,5018.32,1445.11,253.04,16.74,6.56,1.51
2023/06/02T08:42:45z,84:f3:eb:7d:7:a8,6.01,2.0+OPENLOG+15552 MB+DS3231+BME280+PMSX003-B+PMSX003-A,71,58,55,994.43,0.05,36504,0,489,26.27,35.88,39.70,23.33,33.23,39.65,102,95,4646.65,1303.93,218.13,13.63,5.27,1.07,27.51,39.69,42.11,24.00,35.53,41.89,111,101,4858.75,1392.45,231.07,14.60,3.75,1.02
2023/06/02T08:44:45z,84:f3:eb:7d:7:a8,6.01,2.0+OPENLOG+15552 MB+DS3231+BME280+PMSX003-B+PMSX003-A,71,58,55,994.38,0.05,36504,0,609,25.32,37.29,40.61,22.62,34.05,40.61,105,97,4584.64,1297.82,236.12,16.79,3.46,1.64,27.54,41.30,43.75,24.05,36.58,43.04,115,104,4815.47,1401.70,245.95,17.70,3.54,1.30
2023/06/02T08:46:45z,84:f3:eb:7d:7:a8,6.01,2.0+OPENLOG+15552 MB+DS3231+BME280+PMSX003-B+PMSX003-A,71,58,55,994.40,0.05,36504,0,729,26.02,38.53,40.42,22.94,34.85,40.38,108,99,4734.40,1343.47,246.15,13.94,2.19,0.75,28.89,40.96,43.54,24.95,36.32,43.43,114,103,5021.62,1428.20,230.59,17.27,4.04,1.64
2023/06/02T08:48:45z,84:f3:eb:7d:7:a8,6.01,2.0+OPENLOG+15552 MB+DS3231+BME280+PMSX003-B+PMSX003-A,71,58,55,994.40,0.05,36504,0,849,26.61,38.51,40.56,23.44,34.70,40.51,108,99,4681.95,1337.84,241.91,15.28,2.18,1.05,28.04,40.93,43.30,24.12,36.23,42.98,114,103,4974.75,1427.25,247.66,14.12,3.29,2.04
2023/06/02T08:50:45z,84:f3:eb:7d:7:a8,6.01,2.0+OPENLOG+15552 MB+DS3231+BME280+PMSX003-B+PMSX003-A,71,58,55,994.46,0.05,36504,0,969,27.33,41.17,43.02,23.88,36.47,42.69,115,103,4890.98,1387.31,263.64,14.41,2.10,0.17,28.61,41.81,44.59,24.67,36.74,44.26,117,104,4895.78,1420.28,256.65,15.74,4.15,1.19
2023/06/02T08:52:45z,84:f3:eb:7d:7:a8,6.01,2.0+OPENLOG+15552 MB+DS3231+BME280+PMSX003-B+PMSX003-A,71,57,55,994.58,0.05,36504,0,1089,27.93,41.42,45.09,24.39,36.72,44.40,116,104,5012.47,1414.67,262.84,18.44,4.21,1.26,28.18,41.05,43.04,24.52,36.25,42.86,115,103,4861.45,1428.79,249.68,13.46,3.18,0.61
2023/06/02T08:54:45z,84:f3:eb:7d:7:a8,6.01,2.0+OPENLOG+15552 MB+DS3231+BME280+PMSX003-B+PMSX003-A,71,58,55,994.48,0.05,36504,0,1209,27.71,42.16,46.24,24.25,37.13,45.38,117,105,4893.16,1397.13,271.20,22.42,3.93,2.95,29.12,43.54,46.35,25.00,37.68,45.30,121,106,5207.58,1484.21,260.19,18.16,5.05,0.91
2023/06/02T08:56:53z,84:f3:eb:7d:7:a8,6.01,2.0+OPENLOG+15552 MB+DS3231+BME280+PMSX003-B+PMSX003-A,71,58,55,994.35,nan,36656,0,128,27.33,39.60,42.10,23.95,35.62,42.02,111,101,4865.64,1371.64,238.69,15.55,3.57,0.62,31.51,44.68,45.95,26.29,38.34,45.29,124,108,5396.12,1558.88,254.83,18.83,2.10,0.05
2023/06/02T08:58:53z,84:f3:eb:7d:7:a8,6.01,2.0+OPENLOG+15552 MB+DS3231+BME280+PMSX003-B+PMSX003-A,71,58,55,994.40,0.05,36568,0,248,26.13,38.24,41.93,23.35,34.73,41.89,108,99,4694.78,1321.62,240.93,17.22,4.40,1.42,29.07,42.21,43.98,25.03,36.91,43.60,118,104,5106.47,1478.64,245.64,15.33,2.76,0.86
2023/06/02T09:00:53z,84:f3:eb:7d:7:a8,6.01,2.0+OPENLOG+15552 MB+DS3231+BME280+PMSX003-B+PMSX003-A,71,58,55,994.45,0.05,36568,0,368,26.34,39.40,43.86,23.28,35.29,43.72,111,100,4721.43,1343.21,257.19,22.52,4.59,0.86,29.69,44.91,47.50,25.30,38.54,46.11,124,108,5226.39,1515.06,268.37,20.33,4.22,1.44
2023/06/02T09:02:53z,84:f3:eb:7d:7:a8,6.01,2.0+OPENLOG+15552 MB+DS3231+BME280+PMSX003-B+PMSX003-A,71,58,55,994.48,0.05,36568,0,488,27.18,40.84,44.51,23.81,36.23,44.04,114,103,4855.68,1372.68,258.19,18.25,4.56,1.86,29.84,43.51,45.76,25.47,37.78,44.98,121,107,5301.27,1516.25,259.09,16.44,3.60,1.05
2023/06/02T09:04:53z,84:f3:eb:7d:7:a8,6.01,2.0+OPENLOG+15552 MB+DS3231+BME280+PMSX003-B+PMSX003-A,71,58,55,994.44,0.05,36568,0,608,26.96,39.42,43.55,23.73,35.40,43.05,111,100,4894.64,1375.15,240.98,17.04,4.73,1.27,29.71,43.67,44.40,25.56,37.91,44.07,121,107,5182.80,1506.84,253.80,15.09,1.38,0.00
2023/06/02T09:06:53z,84:f3:eb:7d:7:a8,6.01,2.0+OPENLOG+15552 MB+DS3231+BME280+PMSX003-B+PMSX003-A,71,58,55,994.49,0.05,36568,0,728,27.73,40.93,45.64,24.05,36.29,44.95,114,103,4982.51,1411.38,267.20,17.44,5.38,2.76,30.02,44.39,47.10,25.73,38.19,45.86,123,108,5246.85,1525.20,256.47,17.93,4.10,1.97
2023/06/02T09:08:53z,84:f3:eb:7d:7:a8,6.01,2.0+OPENLOG+15552 MB+DS3231+BME280+PMSX003-B+PMSX003-A,71,58,55,994.52,0.05,36568,0,848,27.22,39.08,41.80,23.78,35.20,41.69,110,100,4785.46,1360.51,229.42,17.63,3.12,0.68,30.14,44.04,45.75,25.68,38.11,44.96,122,107,5323.02,1523.45,265.45,14.91,2.57,0.50
2023/06/02T09:10:53z,84:f3:eb:7d:7:a8,6.01,2.0+OPENLOG+15552 MB+DS3231+BME280+PMSX003-B+PMSX003-A,71,58,55,994.50,0.05,36568,0,968,27.64,39.91,41.91,24.00,35.57,41.89,112,101,4949.36,1402.00,250.77,14.32,1.54,0.71,30.89,45.70,48.78,26.07,39.06,47.07,126,110,5339.17,1553.91,265.02,20.39,5.33,0.85
2023/06/02T09:12:53z,84:f3:eb:7d:7:a8,6.01,2.0+OPENLOG+15552 MB+DS3231+BME280+PMSX003-B+PMSX003-A,71,58,55,994.49,0.05,36568,0,1088,28.29,40.59,44.02,24.45,35.93,43.33,114,102,5020.34,1432.48,255.50,17.41,3.59,1.24,30.16,45.09,47.60,25.75,38.67,46.35,125,109,5152.15,1497.84,263.15,18.98,3.93,1.09
2023/06/02T09:14:53z,84:f3:eb:7d:7:a8,6.01,2.0+OPENLOG+15552 MB+DS3231+BME280+PMSX003-B+PMSX003-A,68,57,52,991.95,0.05,36568,0,1208,26.79,38.50,42.16,23.54,34.71,41.84,108,99,4791.05,1372.14,233.75,16.21,4.64,1.11,29.03,44.02,46.93,24.88,38.03,45.81,122,107,5157.16,1473.74,262.38,22.60,4.36,2.10
2023/06/02T09:17:03z,84:f3:eb:7d:7:a8,6.01,2.0+OPENLOG+15552 MB+DS3231+BME280+PMSX003-B+PMSX003-A,71,58,55,994.50,nan,36656,0,128,26.86,37.91,41.26,23.44,34.35,41.23,107,98,4757.72,1350.77,242.00,15.02,3.77,1.21,29.23,43.42,45.55,25.17,37.88,45.03,121,107,5034.30,1457.82,247.30,22.40,2.95,1.35
2023/06/02T09:19:03z,84:f3:eb:7d:7:a8,6.01,2.0+OPENLOG+15552 MB+DS3231+BME280+PMSX003-B+PMSX003-A,71,58,55,994.54,0.05,36504,0,248,27.13,39.91,43.46,23.65,35.59,43.04,112,101,4802.83,1364.69,252.24,17.76,3.59,1.11,28.71,42.45,46.69,24.91,37.19,45.52,118,105,4996.29,1440.57,254.41,21.43,6.14,2.31
2023/06/02T09:21:03z,84:f3:eb:7d:7:a8,6.01,2.0+OPENLOG+15552 MB+DS3231+BME280+PMSX003-B+PMSX003-A,71,58,55,994.54,0.05,36504,0,368,26.05,36.30,39.46,23.18,33.60,39.44,103,96,4621.58,1291.84,219.68,15.46,2.67,0.00,28.86,42.12,45.25,24.88,37.14,44.63,117,105,5023.53,1453.33,258.96,18.89,4.98,1.16
2023/06/02T09:23:03z,84:f3:eb:7d:7:a8,6.01,2.0+OPENLOG+15552 MB+DS3231+BME280+PMSX003-B+PMSX003-A,71,58,55,994.67,0.05,36504,0,488,26.81,38.82,41.11,23.63,35.14,41.02,109,99,4819.89,1356.19,232.88,13.68,2.63,1.02,29.43,42.63,44.81,25.19,37.30,44.26,119,105,5087.67,1467.91,244.31,14.39,3.78,0.59
2023/06/02T09:25:03z,84:f3:eb:7d:7:a8,6.01,2.0+OPENLOG+15552 MB+DS3231+BME280+PMSX003-B+PMSX003-A,71,57,55,994.57,0.05,36504,0,608,26.93,40.05,42.91,23.74,35.82,42.65,112,102,4716.68,1348.53,246.51,16.40,2.95,0.88,28.77,40.95,44.54,24.77,36.19,43.95,114,103,4966.26,1445.04,223.18,18.79,5.47,1.72
2023/06/02T09:27:03z,84:f3:eb:7d:7:a8,6.01,2.0+OPENLOG+15552 MB+DS3231+BME280+PMSX003-B+PMSX003-A,71,57,55,994.56,0.05,36504,0,728,26.51,38.64,40.93,23.47,34.96,40.91,109,99,4628.95,1318.85,245.42,14.80,2.44,0.18,28.16,41.52,44.00,24.19,36.40,43.45,116,103,4960.45,1438.40,254.95,15.72,3.97,1.48
2023/06/02T09:29:03z,84:f3:eb:7d:7:a8,6.01,2.0+OPENLOG+15552 MB+DS3231+BME280+PMSX003-B+PMSX003-A,71,57,55,994.56,0.05,36504,0,848,26.09,38.89,41.16,23.07,35.02,41.00,109,99,4720.71,1331.98,240.80,16.14,2.50,0.75,27.93,40.79,43.71,24.11,36.16,43.27,114,103,4920.64,1416.21,246.30,17.32,4.93,0.82
2023/06/02T09:31:03z,84:f3:eb:7d:7:a8,6.01,2.0+OPENLOG+15552 MB+DS3231+BME280+PMSX003-B+PMSX003-A,71,57,55,994.66,0.05,36504,0,968,25.97,37.07,39.62,23.05,33.93,39.59,105,97,4663.40,1309.83,234.72,12.98,2.62,0.83,29.58,42.60,44.81,25.42,37.37,44.33,118,106,5060.37,1470.91,240.05,16.39,3.40,0.46
2023/06/02T09:33:03z,84:f3:eb:7d:7:a8,6.01,2.0+OPENLOG+15552 MB+DS3231+BME280+PMSX003-B+PMSX003-A,71,58,55,994.70,0.05,36504,0,1088,27.00,39.96,43.55,23.73,35.76,43.05,112,102,4729.25,1346.58,249.44,18.04,4.22,1.38,30.24,43.53,45.64,25.64,37.75,44.91,121,107,5243.56,1517.89,247.89,18.51,3.64,0.15
2023/06/02T09:35:03z,84:f3:eb:7d:7:a8,6.01,2.0+OPENLOG+15552 MB+DS3231+BME280+PMSX003-B+PMSX003-A,71,58,55,994.62,0.05,36504,0,1208,27.27,40.83,42.79,24.00,36.23,42.62,114,103,4943.94,1390.67,252.48,15.46,1.92,0.62,28.80,42.52,45.20,24.82,37.22,44.57,118,105,5078.85,1465.68,253.22,18.60,3.70,0.70
2023/06/02T09:37:12z,84:f3:eb:7d:7:a8,6.01,2.0+OPENLOG+15552 MB+DS3231+BME280+PMSX003-B+PMSX003-A,71,58,55,994.67,nan,36656,0,129,27.17,38.07,41.12,23.74,34.57,41.12,107,98,4889.79,1355.10,229.86,14.14,3.43,1.57,28.27,40.33,41.58,24.58,36.03,41.58,113,102,4937.33,1410.45,228.68,13.50,2.05,0.60
2023/06/02T09:39:12z,84:f3:eb:7d:7:a8,6.01,2.0+OPENLOG+15552 MB+DS3231+BME280+PMSX003-B+PMSX003-A,71,58,55,994.76,0.05,36568,0,249,27.43,38.77,42.16,23.98,34.98,42.04,109,99,4859.04,1377.66,235.91,14.64,3.54,1.86,30.33,41.36,44.84,25.84,36.50,44.34,115,103,5110.91,1481.14,227.53,15.88,5.26,2.86
2023/06/02T09:41:12z,84:f3:eb:7d:7:a8,6.01,2.0+OPENLOG+15552 MB+DS3231+BME280+PMSX003-B+PMSX003-A,71,58,55,994.80,0.05,36568,0,369,27.04,38.95,41.82,23.70,35.14,41.65,109,99,4788.58,1359.18,232.68,13.40,3.44,1.37,28.35,42.53,44.84,24.49,37.16,44.22,118,105,5044.20,1450.44,251.93,17.73,3.78,0.40
2023/06/02T09:43:12z,84:f3:eb:7d:7:a8,6.01,2.0+OPENLOG+15552 MB+DS3231+BME280+PMSX003-B+PMSX003-A,72,58,56,994.77,0.05,36568,0,489,26.95,39.67,43.38,23.71,35.55,43.14,111,101,4878.78,1374.47,248.17,18.90,4.38,1.52,29.70,42.06,44.15,25.41,36.91,43.80,117,104,5184.72,1490.46,255.65,13.13,3.26,1.15
2023/06/02T09:45:12z,84:f3:eb:7d:7:a8,6.01,2.0+OPENLOG+15552 MB+DS3231+BME280+PMSX003-B+PMSX003-A,71,57,55,994.72,0.05,36568,0,609,26.82,39.38,43.14,23.68,35.41,42.98,111,100,4773.38,1354.07,238.11,17.79,4.11,2.39,29.53,43.27,44.69,25.22,37.64,44.00,120,106,5126.44,1484.08,255.31,15.54,2.71,0.03
2023/06/02T09:47:12z,84:f3:eb:7d:7:a8,6.01,2.0+OPENLOG+15552 MB+DS3231+BME280+PMSX003-B+PMSX003-A,71,58,55,994.82,0.05,36504,0,729,28.09,39.71,43.55,24.39,35.66,43.18,111,101,4879.55,1391.52,242.38,17.43,4.00,1.29,29.05,42.76,45.83,24.93,37.50,45.17,119,106,4991.48,1461.03,264.60,17.50,4.93,2.10
2023/06/02T09:49:12z,84:f3:eb:7d:7:a8,6.01,2.0+OPENLOG+15552 MB+DS3231+BME280+PMSX003-B+PMSX003-A,71,58,55,994.84,0.05,36504,0,849,28.16,41.98,45.81,24.31,36.81,45.09,117,104,5096.12,1428.97,275.72,18.59,5.38,1.48,28.96,42.37,44.84,24.89,37.12,44.39,118,105,5050.05,1457.86,253.35,16.05,3.89,1.19
2023/06/02T09:51:12z,84:f3:eb:7d:7:a8,6.01,2.0+OPENLOG+15552 MB+DS3231+BME280+PMSX003-B+PMSX003-A,71,58,55,994.75,0.05,36504,0,969,27.71,40.98,44.67,24.12,36.41,44.14,115,103,4967.79,1402.19,254.26,18.17,3.79,1.28,28.76,41.81,44.48,24.63,36.61,43.91,117,104,5138.00,1472.65,243.56,15.93,4.00,1.56
2023/06/02T09:53:12z,84:f3:eb:7d:7:a8,6.01,2.0+OPENLOG+15552 MB+DS3231+BME280+PMSX003-B+PMSX003-A,71,58,55,994.75,0.05,36504,0,1089,27.16,39.46,42.38,23.86,35.45,42.29,111,100,4811.68,1370.27,233.32,15.84,3.18,0.82,29.98,43.63,45.25,25.65,37.79,44.51,121,107,5176.63,1505.30,263.51,13.33,2.46,0.46
2023/06/02T09:55:12z,84:f3:eb:7d:7:a8,6.01,2.0+OPENLOG+15552 MB+DS3231+BME280+PMSX003-B+PMSX003-A,72,57,56,994.79,0.05,36504,0,1209,26.94,40.24,44.04,23.70,35.93,43.80,113,102,4884.33,1372.31,255.20,19.39,4.37,1.70,29.76,43.41,45.29,25.38,37.84,44.81,120,107,5150.07,1478.66,253.50,15.78,2.69,0.72
2023/06/02T09:57:22z,84:f3:eb:7d:7:a8,6.01,2.0+OPENLOG+15552 MB+DS3231+BME280+PMSX003-B+PMSX003-A,71,57,55,995.05,nan,36656,0,129,26.57,38.81,41.19,23.40,35.02,41.19,109,99,4749.57,1347.45,250.36,14.81,2.43,0.00,28.74,43.63,46.16,24.76,37.63,45.18,121,106,5191.11,1485.24,279.16,15.95,4.26,0.95
2023/06/02T09:59:22z,84:f3:eb:7d:7:a8,6.01,2.0+OPENLOG+15552 MB+DS3231+BME280+PMSX003-B+PMSX003-A,71,57,55,994.82,0.05,36568,0,249,26.49,39.69,43.11,23.40,35.56,42.82,111,101,4851.16,1357.96,248.84,16.96,4.00,0.91,29.07,42.34,44.50,24.95,37.21,43.89,118,105,5045.04,1445.55,241.96,18.45,3.11,1.00
2023/06/02T10:01:22z,84:f3:eb:7d:7:a8,6.01,2.0+OPENLOG+15552 MB+DS3231+BME280+PMSX003-B+PMSX003-A,71,57,55,994.84,0.05,36568,0,369,27.75,42.04,46.46,24.16,37.04,45.52,117,105,4978.34,1408.25,255.71,24.21,4.36,1.89,29.80,43.48,45.18,25.46,37.64,44.43,121,106,5144.57,1491.80,263.41,13.41,2.86,0.61
2023/06/02T10:03:22z,84:f3:eb:7d:7:a8,6.01,2.0+OPENLOG+15552 MB+DS3231+BME280+PMSX003-B+PMSX003-A,71,57,55,994.86,0.05,36568,0,489,26.95,39.26,41.50,23.64,35.22,41.21,110,100,4765.76,1363.34,244.95,16.97,3.41,0.14,30.56,44.65,46.94,25.96,38.50,45.87,124,108,5264.89,1525.48,262.50,17.20,3.81,0.48
2023/06/02T10:05:22z,84:f3:eb:7d:7:a8,6.01,2.0+OPENLOG+15552 MB+DS3231+BME280+PMSX003-B+PMSX003-A,71,58,55,994.86,0.05,36568,0,609,27.55,40.98,45.27,24.07,36.27,44.79,114,103,4965.54,1409.04,258.98,20.82,5.54,2.57,30.11,43.34,45.73,25.48,37.64,44.93,120,106,5254.71,1524.23,248.80,15.12,3.93,0.32
2023/06/02T10:07:22z,84:f3:eb:7d:7:a8,6.01,2.0+OPENLOG+15552 MB+DS3231+BME280+PMSX003-B+PMSX003-A,71,57,55,994.91,0.05,36504,0,729,28.17,41.28,43.63,24.22,36.33,43.09,115,103,5042.89,1431.33,262.57,16.02,2.48,0.96,29.93,44.82,47.68,25.46,38.40,46.30,124,108,5239.63,1528.05,268.95,20.28,4.35,0.91
2023/06/02T10:09:22z,84:f3:eb:7d:7:a8,6.01,2.0+OPENLOG+15552 MB+DS3231+BME280+PMSX003-B+PMSX003-A,71,57,55,994.92,0.05,36504,0,849,27.65,41.21,44.12,24.21,36.44,43.67,115,103,4952.58,1398.19,263.04,17.07,2.63,0.84,29.11,42.66,45.20,24.93,37.16,44.45,119,105,5197.23,1492.52,255.09,14.68,3.57,1.39
2023/06/02T10:11:22z,84:f3:eb:7d:7:a8,6.01,2.0+OPENLOG+15552 MB+DS3231+BME280+PMSX003-B+PMSX003-A,71,58,55,994.92,0.05,36504,0,969,27.79,39.93,42.86,24.32,35.81,42.46,112,102,4949.00,1385.02,241.54,15.40,3.16,0.39,29.16,42.67,44.15,24.95,37.15,43.64,119,105,5082.49,1471.69,241.05,19.51,2.22,0.40
2023/06/02T10:13:22z,84:f3:eb:7d:7:a8,6.01,2.0+OPENLOG+15552 MB+DS3231+BME280+PMSX003-B+PMSX003-A,71,57,55,994.95,0.05,36504,0,1089,27.93,40.75,43.95,24.25,36.12,43.32,114,103,4931.36,1403.43,261.75,17.09,4.21,2.36,29.00,43.68,46.39,24.88,37.89,45.51,121,107,5141.11,1480.07,257.89,17.86,4.25,1.30
2023/06/02T10:15:22z,84:f3:eb:7d:7:a8,6.01,2.0+OPENLOG+15552 MB+DS3231+BME280+PMSX003-B+PMSX003-A,71,57,55,995.02,0.05,36504,0,1209,27.46,40.32,43.54,23.93,36.00,43.19,113,102,4861.21,1373.79,244.58,16.58,4.21,2.28,29.14,42.78,46.22,24.78,37.10,45.16,119,105,5196.16,1491.17,251.69,20.40,5.66,0.14
2023/06/02T10:17:31z,84:f3:eb:7d:7:a8,6.01,2.0+OPENLOG+15552 MB+DS3231+BME280+PMSX003-B+PMSX003-A,71,58,55,994.95,nan,36656,0,129,28.29,40.36,45.83,24.45,35.98,45.14,113,102,4931.64,1407.95,247.43,21.14,6.24,2.05,29.58,44.50,47.53,25.39,38.42,46.29,123,108,5173.82,1498.26,258.55,18.84,4.37,2.37
2023/06/02T10:19:31z,84:f3:eb:7d:7:a8,6.01,2.0+OPENLOG+15552 MB+DS3231+BME280+PMSX003-B+PMSX003-A,71,58,55,994.95,0.05,36568,0,249,27.35,38.80,41.27,23.82,34.95,41.18,109,99,4787.35,1348.73,240.29,15.62,3.49,0.98,29.55,43.27,46.77,25.23,37.61,45.68,120,106,5210.36,1501.02,248.98,18.48,4.79,1.93
2023/06/02T10:21:31z,84:f3:eb:7d:7:a8,6.01,2.0+OPENLOG+15552 MB+DS3231+BME280+PMSX003-B+PMSX003-A,71,58,55,994.99,0.05,36568,0,369,27.00,39.12,41.86,23.63,35.25,41.81,110,100,4875.10,1369.07,237.07,14.68,3.22,1.19,29.18,43.13,45.44,24.95,37.58,44.71,120,106,5104.31,1481.80,256.31,13.91,3.45,1.53
2023/06/02T10:23:31z,84:f3:eb:7d:7:a8,6.01,2.0+OPENLOG+15552 MB+DS3231+BME280+PMSX003-B+PMSX003-A,71,57,55,994.94,0.05,36568,0,489,27.88,40.75,44.72,24.32,36.26,44.02,114,103,4953.00,1402.89,256.19,20.49,3.79,1.79,30.33,43.83,47.74,25.69,37.91,46.37,122,107,5238.61,1515.35,254.81,17.76,6.11,1.81
2023/06/02T10:25:31z,84:f3:eb:7d:7:a8,6.01,2.0+OPENLOG+15552 MB+DS3231+BME280+PMSX003-B+PMSX003-A,72,57,56,994.93,0.05,36568,0,609,27.98,40.09,42.43,24.10,35.57,42.40,112,101,5072.74,1432.38,241.52,12.93,2.83,1.31,30.19,43.90,45.43,25.60,37.91,44.74,122,107,5243.17,1516.14,264.57,15.38,2.72,0.72
2023/06/02T10:27:31z,84:f3:eb:7d:7:a8,6.01,2.0+OPENLOG+15552 MB+DS3231+BME280+PMSX003-B+PMSX003-A,71,57,55,994.94,0.05,36568,0,729,27.98,41.55,45.21,24.21,36.62,44.54,116,104,5075.68,1423.05,256.54,18.39,4.82,2.29,29.53,43.60,46.86,25.25,37.68,45.79,121,106,5197.79,1502.79,251.75,17.60,5.54,1.12
2023/06/02T10:29:31z,84:f3:eb:7d:7:a8,6.01,2.0+OPENLOG+15552 MB+DS3231+BME280+PMSX003-B+PMSX003-A,71,57,55,994.98,0.05,36504,0,849,27.57,41.00,44.91,24.00,36.30,44.20,115,103,4959.32,1404.98,269.05,17.07,4.79,1.29,31.54,47.11,49.93,26.39,39.68,47.84,130,111,5441.42,1583.84,281.84,17.96,4.00,1.89
2023/06/02T10:31:31z,84:f3:eb:7d:7:a8,6.01,2.0+OPENLOG+15552 MB+DS3231+BME280+PMSX003-B+PMSX003-A,71,58,55,994.94,0.05,36504,0,969,26.98,39.63,42.51,23.72,35.54,42.28,111,101,4855.26,1373.32,252.30,14.12,3.26,1.09,29.63,41.76,44.50,25.22,36.63,43.63,116,104,5171.78,1491.39,238.83,15.30,4.00,2.44
2023/06/02T10:33:31z,84:f3:eb:7d:7:a8,6.01,2.0+OPENLOG+15552 MB+DS3231+BME280+PMSX003-B+PMSX003-A,71,58,55,994.94,0.05,36504,0,1089,26.58,39.82,42.21,23.44,35.65,42.11,112,101,4792.47,1353.47,246.91,16.89,2.46,0.28,28.82,41.56,44.05,24.82,36.72,43.77,116,104,4959.84,1436.21,226.44,16.51,3.72,1.51
2023/06/02T10:35:31z,84:f3:eb:7d:7:a8,6.01,2.0+OPENLOG+15552 MB+DS3231+BME280+PMSX003-B+PMSX003-A,71,58,55,994.97,0.05,36504,0,1209,26.74,38.75,40.92,23.58,34.94,40.92,109,99,4720.58,1342.25,238.96,13.47,2.94,0.68,28.71,41.24,42.88,24.74,36.47,42.71,115,103,5022.31,1452.57,239.47,13.81,2.48,1.24
2023/06/02T10:37:41z,84:f3:eb:7d:7:a8,6.01,2.0+OPENLOG+15552 MB+DS3231+BME280+PMSX003-B+PMSX003-A,71,58,55,994.92,nan,36656,0,129,27.45,38.12,40.05,23.98,34.71,39.98,107,99,4823.21,1368.90,231.50,10.19,1.81,0.24,30.39,44.47,46.32,25.84,38.39,45.45,123,108,5155.26,1495.76,273.61,13.29,3.00,0.79
2023/06/02T10:39:41z,84:f3:eb:7d:7:a8,6.01,2.0+OPENLOG+15552 MB+DS3231+BME280+PMSX003-B+PMSX003-A,72,58,56,994.95,0.05,36568,0,249,26.53,37.31,42.13,23.53,34.20,41.93,105,97,4656.38,1329.95,229.84,16.91,5.35,1.42,28.84,42.61,44.61,24.89,37.28,43.93,119,105,5056.58,1459.47,248.30,18.14,2.95,1.09
2023/06/02T10:41:41z,84:f3:eb:7d:7:a8,6.01,2.0+OPENLOG+15552 MB+DS3231+BME280+PMSX003-B+PMSX003-A,71,57,55,994.97,0.05,36568,0,369,26.65,38.42,40.98,23.47,34.73,40.90,108,99,4770.40,1335.93,222.27,14.77,2.77,0.83,28.62,40.73,42.00,24.47,36.02,41.93,114,102,5026.47,1456.75,230.65,13.76,1.67,0.00
2023/06/02T10:43:41z,84:f3:eb:7d:7:a8,6.01,2.0+OPENLOG+15552 MB+DS3231+BME280+PMSX003-B+PMSX003-A,72,57,56,994.92,0.05,36568,0,489,26.56,38.12,41.91,23.28,34.40,41.86,107,98,4784.16,1356.05,238.26,15.98,4.00,0.74,28.91,41.85,44.47,24.75,36.80,44.13,117,104,5084.13,1467.62,246.87,14.36,3.93,1.38
2023/06/02T10:45:41z,84:f3:eb:7d:7:a8,6.01,2.0+OPENLOG+15552 MB+DS3231+BME280+PMSX003-B+PMSX003-A,71,57,55,994.98,0.05,36568,0,609,27.00,40.06,43.35,23.56,35.69,43.19,112,101,4864.33,1373.11,246.30,17.78,2.89,1.85,29.41,43.60,46.02,25.03,37.74,45.22,121,107,5121.47,1494.10,267.97,16.91,3.62,1.45
2023/06/02T10:47:41z,84:f3:eb:7d:7:a8,6.01,2.0+OPENLOG+15552 MB+DS3231+BME280+PMSX003-B+PMSX003-A,71,57,55,994.93,0.05,36568,0,729,27.86,38.77,41.19,24.18,34.91,41.05,109,99,4906.11,1385.23,237.72,12.19,2.39,0.49,29.58,42.40,44.91,25.25,37.21,44.40,118,105,5089.58,1476.44,243.65,17.77,4.07,0.81
2023/06/02T10:49:41z,84:f3:eb:7d:7:a8,6.01,2.0+OPENLOG+15552 MB+DS3231+BME280+PMSX003-B+PMSX003-A,71,58,55,994.94,0.05,36568,0,849,27.02,39.05,42.10,23.67,35.05,42.02,110,99,4854.41,1367.90,240.52,17.48,3.62,0.93,28.96,41.42,43.58,24.93,36.64,43.36,116,104,5087.13,1454.33,240.07,13.25,3.13,1.27
2023/06/02T10:51:41z,84:f3:eb:7d:7:a8,6.01,2.0+OPENLOG+15552 MB+DS3231+BME280+PMSX003-B+PMSX003-A,71,58,55,994.97,0.05,36568,0,969,26.59,37.50,40.52,23.33,34.02,40.31,106,97,4770.57,1345.78,230.28,15.34,3.10,1.07,28.31,40.45,42.55,24.55,36.05,42.35,113,102,5070.98,1440.91,235.82,14.80,3.53,0.25
2023/06/02T10:53:41z,84:f3:eb:7d:7:a8,6.01,2.0+OPENLOG+15552 MB+DS3231+BME280+PMSX003-B+PMSX003-A,71,58,55,994.93,0.05,36568,0,1089,27.59,40.05,43.32,24.21,35.77,43.14,112,102,4862.30,1384.71,240.82,16.36,3.29,1.79,29.82,44.47,46.27,25.55,38.31,45.40,123,108,5254.58,1516.35,267.75,14.53,2.84,0.00
2023/06/02T10:55:41z,84:f3:eb:7d:7:a8,6.01,2.0+OPENLOG+15552 MB+DS3231+BME280+PMSX003-B+PMSX003-A,71,58,55,994.94,0.05,36568,0,1209,28.25,41.11,43.60,24.43,36.30,43.32,115,103,5022.68,1421.38,256.72,13.53,3.09,1.62,29.81,44.46,47.28,25.37,38.18,46.07,123,108,5272.37,1525.47,266.67,19.86,4.91,0.84
2023/06/02T10:57:51z,84:f3:eb:7d:7:a8,6.01,2.0+OPENLOG+15552 MB+DS3231+BME280+PMSX003-B+PMSX003-A,71,58,55,995.00,nan,36472,0,129,28.67,41.02,43.21,24.79,36.40,43.05,115,103,5066.00,1428.40,242.60,15.57,2.76,1.19,30.55,44.12,49.08,25.70,37.95,47.05,122,107,5383.27,1551.75,250.45,24.42,7.05,2.15
2023/06/02T10:59:51z,84:f3:eb:7d:7:a8,6.01,2.0+OPENLOG+15552 MB+DS3231+BME280+PMSX003-B+PMSX003-A,71,57,55,994.99,0.05,36504,0,249,28.54,42.96,47.20,24.78,37.57,46.15,119,106,5112.67,1461.72,275.15,19.11,4.93,2.52,31.05,46.91,51.20,26.02,39.54,48.52,129,111,5461.88,1570.16,284.21,22.93,6.86,1.86
2023/06/02T11:01:51z,84:f3:eb:7d:7:a8,6.01,2.0+OPENLOG+15552 MB+DS3231+BME280+PMSX003-B+PMSX003-A,71,58,55,994.96,0.05,36504,0,369,28.64,41.73,46.07,24.71,36.69,45.29,116,104,5038.42,1435.93,255.59,20.20,5.29,1.83,29.42,44.17,47.58,25.15,38.11,46.30,122,107,5131.25,1486.15,274.77,17.72,5.13,1.66
2023/06/02T11:03:51z,84:f3:eb:7d:7:a8,6.01,2.0+OPENLOG+15552 MB+DS3231+BME280+PMSX003-B+PMSX003-A,71,58,55,995.02,0.05,36504,0,489,28.71,40.67,43.86,24.72,36.07,43.55,114,102,5015.17,1422.14,246.03,15.76,3.45,1.31,29.77,42.43,45.93,25.52,37.18,45.21,118,105,5142.38,1484.05,243.29,17.82,5.18,1.75
2023/06/02T11:05:51z,84:f3:eb:7d:7:a8,6.01,2.0+OPENLOG+15552 MB+DS3231+BME280+PMSX003-B+PMSX003-A,71,58,55,994.99,0.05,36504,0,609,27.93,40.67,44.04,24.25,36.18,43.86,114,103,4935.05,1393.00,260.96,17.18,3.75,1.40,30.71,44.57,48.74,26.10,38.40,47.05,123,108,5228.07,1512.78,264.78,21.93,6.97,1.59
2023/06/02T11:07:51z,84:f3:eb:7d:7:a8,6.01,2.0+OPENLOG+15552 MB+DS3231+BME280+PMSX003-B+PMSX003-A,71,58,55,995.00,0.05,36504,0,729,28.47,40.51,44.11,24.60,36.11,43.68,113,103,5042.21,1421.13,252.94,15.40,3.92,2.23,30.58,43.33,45.98,25.93,37.65,44.87,120,106,5296.40,1527.13,249.58,15.57,4.17,0.60
2023/06/02T11:09:51z,84:f3:eb:7d:7:a8,6.01,2.0+OPENLOG+15552 MB+DS3231+BME280+PMSX003-B+PMSX003-A,71,58,55,995.01,0.05,36504,0,849,29.49,42.91,46.19,25.18,37.23,45.04,119,105,5227.05,1498.16,259.37,17.09,3.58,1.86,30.91,44.86,47.84,26.04,38.45,46.38,124,108,5416.93,1567.80,274.43,16.59,4.68,1.46
2023/06/02T11:11:51z,84:f3:eb:7d:7:a8,6.01,2.0+OPENLOG+15552 MB+DS3231+BME280+PMSX003-B+PMSX003-A,71,57,55,995.01,0.05,36504,0,969,28.59,41.59,45.15,24.71,36.75,44.49,116,104,5125.63,1444.81,258.37,18.95,3.36,1.12,31.04,45.81,47.69,26.15,39.15,46.35,126,110,5382.35,1562.23,264.31,16.92,2.96,0.50
2023/06/02T11:13:51z,84:f3:eb:7d:7:a8,6.01,2.0+OPENLOG+15552 MB+DS3231+BME280+PMSX003-B+PMSX003-A,71,58,55,995.01,0.05,36504,0,1089,28.32,41.20,44.44,24.47,36.42,44.02,115,103,4976.80,1424.00,252.29,17.69,3.83,1.80,30.16,44.84,48.04,25.72,38.47,46.49,124,108,5269.16,1511.11,256.12,22.02,5.19,1.54
2023/06/02T11:15:51z,84:f3:eb:7d:7:a8,6.01,2.0+OPENLOG+15552 MB+DS3231+BME280+PMSX003-B+PMSX003-A,72,57,56,994.94,0.05,36504,0,1209,27.46,40.43,44.91,24.04,35.96,44.41,113,102,4987.44,1393.15,242.56,22.46,5.19,1.04,30.53,44.33,46.20,25.76,38.24,45.27,123,108,5324.67,1536.56,248.24,19.00,3.05,0.87
2023/06/02T11:18:01z,84:f3:eb:7d:7:a8,6.01,2.0+OPENLOG+15552 MB+DS3231+BME280+PMSX003-B+PMSX003-A,72,57,56,995.00,nan,36656,0,128,27.05,40.63,43.35,23.58,35.88,43.09,114,102,5049.84,1406.74,255.98,16.79,2.98,1.12,30.12,43.17,45.97,25.52,37.50,45.12,120,106,5220.90,1505.25,248.70,15.75,4.70,0.70
2023/06/02T11:20:01z,84:f3:eb:7d:7:a8,6.01,2.0+OPENLOG+15552 MB+DS3231+BME280+PMSX003-B+PMSX003-A,72,58,56,994.97,0.05,36504,0,248,27.84,40.95,44.36,24.09,36.30,44.12,114,103,5018.36,1411.93,255.00,18.71,4.00,1.25,29.78,43.59,46.42,25.73,37.81,45.39,121,107,5219.85,1499.73,260.81,19.15,4.20,1.83
2023/06/02T11:22:01z,84:f3:eb:7d:7:a8,6.01,2.0+OPENLOG+15552 MB+DS3231+BME280+PMSX003-B+PMSX003-A,72,57,56,994.93,0.05,36504,0,368,28.59,41.02,42.88,24.51,36.32,42.31,115,103,5073.51,1428.63,255.27,13.42,2.31,0.58,29.60,43.00,46.64,25.27,37.36,45.71,119,106,5225.67,1498.20,249.09,20.62,5.93,1.13
2023/06/02T11:24:01z,84:f3:eb:7d:7:a8,6.01,2.0+OPENLOG+15552 MB+DS3231+BME280+PMSX003-B+PMSX003-A,71,57,55,994.06,0.05,36504,0,488,27.78,40.92,43.51,24.17,36.34,43.36,114,103,5008.78,1408.10,262.08,15.32,2.85,0.98,30.75,44.27,46.51,26.15,38.33,45.60,123,108,5238.27,1517.13,249.67,17.13,3.75,0.73
2023/06/02T11:26:01z,84:f3:eb:7d:7:a8,6.01,2.0+OPENLOG+15552 MB+DS3231+BME280+PMSX003-B+PMSX003-A,72,57,56,995.02,0.05,36504,0,608,27.70,41.40,45.81,24.19,36.58,45.06,116,104,4959.74,1402.96,262.74,20.70,4.53,1.70,28.55,43.68,45.79,24.70,37.86,44.98,121,107,5080.18,1452.57,258.00,18.66,3.36,0.50
2023/06/02T11:28:01z,84:f3:eb:7d:7:a8,6.01,2.0+OPENLOG+15552 MB+DS3231+BME280+PMSX003-B+PMSX003-A,72,57,56,995.04,0.05,36504,0,728,27.62,40.06,42.23,24.00,35.72,42.11,112,102,4894.70,1382.81,244.77,12.15,2.98,0.75,29.43,41.48,43.57,25.19,36.62,43.29,116,104,5144.28,1468.45,252.43,14.38,3.38,1.52
2023/06/02T11:30:01z,84:f3:eb:7d:7:a8,6.01,2.0+OPENLOG+15552 MB+DS3231+BME280+PMSX003-B+PMSX003-A,72,56,55,995.04,0.05,36504,0,848,26.98,39.12,43.07,23.31,34.90,42.73,110,99,4905.15,1394.14,251.49,16.54,4.47,1.12,29.83,44.07,47.24,25.24,37.95,46.02,122,107,5305.71,1531.29,268.22,19.10,4.69,2.24
2023/06/02T11:32:01z,84:f3:eb:7d:7:a8,6.01,2.0+OPENLOG+15552 MB+DS3231+BME280+PMSX003-B+PMSX003-A,72,57,55,995.08,0.05,36504,0,968,27.08,39.95,44.05,23.44,35.53,43.56,112,101,4952.69,1399.61,243.85,18.51,4.68,1.66,29.45,43.33,46.47,25.22,37.71,45.53,120,106,5099.89,1465.91,263.80,18.47,4.98,1.82
2023/06/02T11:34:01z,84:f3:eb:7d:7:a8,6.01,2.0+OPENLOG+15552 MB+DS3231+BME280+PMSX003-B+PMSX003-A,72,57,55,995.09,0.05,36504,0,1088,27.64,39.89,43.50,24.05,35.66,43.20,112,101,4903.18,1382.70,250.54,17.39,3.75,1.86,30.24,43.16,46.57,25.69,37.53,45.66,120,106,5192.53,1501.16,248.86,18.76,5.52,1.41
2023/06/02T11:36:01z,84:f3:eb:7d:7:a8,6.01,2.0+OPENLOG+15552 MB+DS3231+BME280+PMSX003-B+PMSX003-A,73,56,56,995.07,0.05,36504,0,1208,27.76,40.60,42.87,24.20,36.11,42.73,114,102,4896.27,1394.40,257.84,12.91,2.98,0.73,29.22,43.34,45.22,24.98,37.67,44.57,120,106,5125.81,1482.43,249.67,18.40,3.10,0.59
2023/06/02T11:38:11z,84:f3:eb:7d:7:a8,6.01,2.0+OPENLOG+15552 MB+DS3231+BME280+PMSX003-B+PMSX003-A,73,56,56,995.10,nan,36656,0,129,28.63,40.61,44.12,24.66,35.90,43.63,114,102,5097.29,1445.32,242.29,18.07,4.59,0.83,30.03,43.87,46.97,25.59,38.08,45.87,122,107,5107.15,1490.90,248.54,21.13,4.15,1.74
2023/06/02T11:40:11z,84:f3:eb:7d:7:a8,6.01,2.0+OPENLOG+15552 MB+DS3231+BME280+PMSX003-B+PMSX003-A,73,56,56,995.10,0.05,36568,0,249,26.96,39.83,43.36,23.42,35.34,43.06,112,100,4917.91,1386.55,254.47,16.68,3.66,1.55,30.72,41.88,44.43,26.00,36.90,43.90,117,104,5220.00,1512.50,227.64,15.05,3.72,1.34
2023/06/02T11:42:11z,84:f3:eb:7d:7:a8,6.01,2.0+OPENLOG+15552 MB+DS3231+BME280+PMSX003-B+PMSX003-A,73,56,56,995.08,0.05,36568,0,369,27.61,40.81,43.16,23.98,36.18,43.04,114,103,5056.47,1415.95,247.28,14.30,2.63,1.16,29.17,42.43,43.37,25.15,37.15,43.13,118,105,5098.72,1471.57,237.04,12.98,1.52,0.15
2023/06/02T11:44:11z,84:f3:eb:7d:7:a8,6.01,2.0+OPENLOG+15552 MB+DS3231+BME280+PMSX003-B+PMSX003-A,73,56,56,995.17,0.05,36568,0,489,27.16,40.55,42.79,23.90,36.09,42.64,113,102,4919.38,1379.29,242.72,17.10,2.24,1.14,28.98,41.94,44.92,24.94,36.92,44.49,117,105,5087.21,1460.58,256.94,15.28,5.13,0.68
2023/06/02T11:46:11z,84:f3:eb:7d:7:a8,6.01,2.0+OPENLOG+15552 MB+DS3231+BME280+PMSX003-B+PMSX003-A,73,56,56,995.12,0.05,36568,0,609,28.14,40.56,43.23,24.37,36.12,43.02,113,103,5056.16,1419.65,245.11,17.05,3.40,0.04,28.51,39.98,42.84,24.60,35.67,42.55,112,101,4983.49,1432.89,232.78,13.04,4.47,1.31
2023/06/02T11:48:11z,84:f3:eb:7d:7:a8,6.01,2.0+OPENLOG+15552 MB+DS3231+BME280+PMSX003-B+PMSX003-A,73,56,56,995.12,0.05,36568,0,729,26.16,36.78,39.16,23.16,33.80,39.16,104,97,4768.96,1332.40,217.53,12.91,2.65,0.87,29.32,42.32,45.44,25.16,37.09,44.81,118,105,5094.95,1478.54,240.09,15.44,4.60,1.47
2023/06/02T11:50:11z,84:f3:eb:7d:7:a8,6.01,2.0+OPENLOG+15552 MB+DS3231+BME280+PMSX003-B+PMSX003-A,70,56,53,992.45,0.05,36568,0,849,27.33,39.16,41.79,23.98,35.33,41.74,110,100,4943.12,1382.69,239.81,14.69,2.41,0.69,28.86,42.73,46.29,24.80,37.43,45.34,119,106,5056.55,1467.30,262.27,17.50,5.14,0.93
2023/06/02T11:52:11z,84:f3:eb:7d:7:a8,6.01,2.0+OPENLOG+15552 MB+DS3231+BME280+PMSX003-B+PMSX003-A,73,56,56,995.11,0.05,36568,0,969,26.70,38.19,40.14,23.25,34.47,40.14,108,98,4782.58,1361.09,235.86,13.16,2.42,0.49,28.00,41.57,44.04,24.23,36.61,43.62,116,104,4970.36,1440.52,245.64,16.88,3.89,1.61
2023/06/02T11:54:11z,84:f3:eb:7d:7:a8,6.01,2.0+OPENLOG+15552 MB+DS3231+BME280+PMSX003-B+PMSX003-A,73,56,56,995.12,0.05,36504,0,1089,25.58,37.72,40.84,22.84,34.25,40.81,106,98,4630.89,1309.72,231.68,16.86,3.82,1.58,28.24,41.91,44.69,24.45,36.95,44.29,117,105,4952.02,1432.71,245.20,16.62,4.18,1.89
2023/06/02T11:56:11z,84:f3:eb:7d:7:a8,6.01,2.0+OPENLOG+15552 MB+DS3231+BME280+PMSX003-B+PMSX003-A,74,55,57,995.10,0.05,36504,0,1209,25.27,35.78,40.36,22.78,33.22,40.36,102,95,4575.16,1273.75,218.49,17.53,4.11,1.82,27.61,40.24,41.64,24.07,35.83,41.61,113,102,4798.27,1376.20,239.78,13.32,2.44,0.00
2023/06/02T11:58:20z,84:f3:eb:7d:7:a8,6.01,2.0+OPENLOG+15552 MB+DS3231+BME280+PMSX003-B+PMSX003-A,74,55,57,995.13,nan,36656,0,129,25.95,37.76,41.43,23.05,34.31,41.31,107,98,4657.43,1314.57,239.12,18.40,4.38,0.48,28.07,40.20,41.29,24.37,35.73,41.29,113,102,4896.00,1401.44,231.71,11.51,1.76,0.83
2023/06/02T12:00:21z,84:f3:eb:7d:7:a8,6.01,2.0+OPENLOG+15552 MB+DS3231+BME280+PMSX003-B+PMSX003-A,74,55,57,995.13,0.05,36568,0,249,25.29,36.40,38.49,22.82,33.49,38.49,103,96,4514.78,1264.93,223.51,13.60,2.04,0.18,26.23,38.79,41.14,23.30,34.89,40.93,109,99,4739.84,1356.05,232.18,14.04,3.93,0.79
2023/06/02T12:02:20z,84:f3:eb:7d:7:a8,6.01,2.0+OPENLOG+15552 MB+DS3231+BME280+PMSX003-B+PMSX003-A,74,55,56,995.08,0.05,36568,0,369,25.28,37.42,40.16,22.77,34.07,40.12,106,97,4558.16,1289.46,226.63,17.11,2.07,1.30,27.29,39.25,41.02,23.88,35.27,40.88,110,100,4877.79,1407.12,206.02,13.86,2.79,0.29
2023/06/02T12:04:21z,84:f3:eb:7d:7:a8,6.01,2.0+OPENLOG+15552 MB+DS3231+BME280+PMSX003-B+PMSX003-A,74,54,56,995.08,0.05,36504,0,489,25.18,36.02,41.79,22.79,33.35,41.53,102,96,4494.89,1266.42,220.14,20.39,5.58,2.70,26.48,38.86,40.75,23.41,35.09,40.68,109,99,4710.48,1350.27,221.59,14.86,2.79,0.96
2023/06/02T12:06:20z,84:f3:eb:7d:7:a8,6.01,2.0+OPENLOG+15552 MB+DS3231+BME280+PMSX003-B+PMSX003-A,74,54,56,995.13,0.05,36504,0,609,24.33,34.88,37.75,22.33,32.68,37.75,99,94,4381.95,1233.84,208.46,14.53,3.30,0.88,25.84,37.79,39.70,23.12,34.38,39.57,107,98,4538.52,1311.80,213.75,15.36,3.14,0.89
2023/06/02T12:08:20z,84:f3:eb:7d:7:a8,6.01,2.0+OPENLOG+15552 MB+DS3231+BME280+PMSX003-B+PMSX003-A,74,54,56,995.17,0.05,36504,0,729,23.36,34.65,36.89,21.55,32.25,36.78,98,93,4294.47,1217.31,215.56,14.40,1.89,0.80,26.07,37.26,41.19,23.17,34.16,41.16,105,97,4531.71,1300.84,225.09,16.69,6.10,1.97
2023/06/02T12:10:21z,84:f3:eb:7d:7:a8,6.01,2.0+OPENLOG+15552 MB+DS3231+BME280+PMSX003-B+PMSX003-A,74,54,56,995.15,0.05,36504,0,849,25.16,35.38,37.79,22.90,32.90,37.79,100,95,4488.05,1259.41,218.12,11.64,2.55,1.21,25.44,34.88,37.33,22.89,32.68,37.33,99,94,4339.47,1271.19,198.19,12.40,3.75,1.47
2023/06/02T12:12:21z,84:f3:eb:7d:7:a8,6.01,2.0+OPENLOG+15552 MB+DS3231+BME280+PMSX003-B+PMSX003-A,75,54,57,995.20,0.05,36504,0,969,22.51,32.95,35.33,21.33,31.53,35.33,95,92,4217.37,1177.70,205.81,11.40,2.53,0.63,23.77,33.89,35.70,21.91,32.07,35.70,97,93,4219.61,1212.20,182.57,14.02,2.96,0.82
2023/06/02T12:14:21z,84:f3:eb:7d:7:a8,6.01,2.0+OPENLOG+15552 MB+DS3231+BME280+PMSX003-B+PMSX003-A,75,53,57,995.17,0.05,36504,0,1089,22.12,30.43,33.24,21.14,29.90,33.24,90,88,3871.71,1093.93,183.12,10.86,4.10,1.00,23.72,35.54,37.02,21.98,33.00,37.02,101,95,4251.33,1216.80,217.17,11.91,2.67,0.44
2023/06/02T12:16:21z,84:f3:eb:7d:7:a8,6.01,2.0+OPENLOG+15552 MB+DS3231+BME280+PMSX003-B+PMSX003-A,75,53,56,995.18,0.05,36504,0,1209,21.74,30.87,34.24,20.65,30.17,34.24,90,89,3883.11,1097.81,190.69,14.26,3.63,1.26,23.82,33.12,34.85,22.02,31.63,34.85,95,92,4233.65,1209.70,180.22,10.73,2.70,0.73
2023/06/02T12:18:30z,84:f3:eb:7d:7:a8,6.01,2.0+OPENLOG+15552 MB+DS3231+BME280+PMSX003-B+PMSX003-A,75,53,56,995.26,nan,36656,0,129,20.85,29.41,32.00,20.05,29.00,32.00,87,87,3744.73,1059.85,172.34,11.07,2.88,1.17,22.36,31.67,33.51,21.28,30.64,33.51,92,90,4059.85,1152.85,180.41,10.13,2.72,0.97
2023/06/02T12:20:30z,84:f3:eb:7d:7:a8,6.01,2.0+OPENLOG+15552 MB+DS3231+BME280+PMSX003-B+PMSX003-A,75,52,56,995.22,0.05,36568,0,249,20.07,30.48,34.07,19.56,29.72,34.07,90,88,3819.67,1067.35,193.19,15.72,4.04,1.56,23.56,33.73,36.86,21.85,31.93,36.86,96,93,4138.83,1196.81,201.31,14.69,5.08,0.44
2023/06/02T12:22:30z,84:f3:eb:7d:7:a8,6.01,2.0+OPENLOG+15552 MB+DS3231+BME280+PMSX003-B+PMSX003-A,75,52,56,995.28,0.05,36568,0,369,21.24,29.95,31.22,20.41,29.57,31.22,89,88,3836.53,1090.34,184.09,9.90,0.93,0.00,22.12,31.98,33.77,21.05,30.82,33.77,93,90,3906.64,1122.46,192.88,9.50,2.82,0.93
2023/06/02T12:24:30z,84:f3:eb:7d:7:a8,6.01,2.0+OPENLOG+15552 MB+DS3231+BME280+PMSX003-B+PMSX003-A,75,52,56,995.33,0.05,36504,0,489,20.72,28.47,29.62,19.86,28.36,29.62,85,85,3770.79,1050.34,173.53,9.69,0.83,0.00,21.81,30.69,32.78,20.76,30.06,32.78,90,89,3837.50,1108.43,176.83,12.65,3.22,0.93
2023/06/02T12:26:30z,84:f3:eb:7d:7:a8,6.01,2.0+OPENLOG+15552 MB+DS3231+BME280+PMSX003-B+PMSX003-A,76,52,57,995.39,0.05,36504,0,609,19.21,28.66,30.98,18.98,28.48,30.98,86,85,3635.69,1023.88,187.19,13.83,2.45,0.72,22.82,31.79,33.77,21.40,30.82,33.77,92,90,3972.79,1143.44,181.47,9.46,3.05,0.67
2023/06/02T12:28:30z,84:f3:eb:7d:7:a8,6.01,2.0+OPENLOG+15552 MB+DS3231+BME280+PMSX003-B+PMSX003-A,76,52,57,995.31,0.05,36504,0,729,20.65,29.22,33.35,20.02,28.98,33.35,87,87,3767.39,1050.44,181.04,14.44,5.33,0.48,21.07,30.73,32.64,20.21,29.91,32.64,90,88,3849.43,1095.59,176.45,10.57,2.64,1.21
2023/06/02T12:30:30z,84:f3:eb:7d:7:a8,6.01,2.0+OPENLOG+15552 MB+DS3231+BME280+PMSX003-B+PMSX003-A,76,51,57,995.29,0.05,36504,0,849,19.76,28.08,31.37,19.49,27.97,31.37,85,84,3621.76,1018.03,176.27,11.29,3.36,1.76,20.80,29.89,32.71,20.00,29.36,32.71,88,87,3727.39,1073.91,171.71,14.86,4.21,1.96
2023/06/02T12:32:30z,84:f3:eb:7d:7:a8,6.01,2.0+OPENLOG+15552 MB+DS3231+BME280+PMSX003-B+PMSX003-A,76,51,56,995.31,0.05,36504,0,969,19.41,27.28,29.28,19.34,27.21,29.28,83,83,3531.16,985.81,168.45,9.45,2.31,1.14,20.94,30.09,32.48,20.20,29.33,32.48,89,87,3698.06,1065.76,169.96,11.31,3.70,1.63
2023/06/02T12:34:30z,84:f3:eb:7d:7:a8,6.01,2.0+OPENLOG+15552 MB+DS3231+BME280+PMSX003-B+PMSX003-A,76,51,56,995.29,0.05,36504,0,1089,19.09,27.77,29.95,19.05,27.77,29.95,84,84,3577.47,1001.65,166.19,12.14,2.18,0.91,20.44,28.51,29.90,19.75,28.25,29.90,86,85,3655.37,1061.95,168.61,8.17,2.03,0.78
2023/06/02T12:36:30z,84:f3:eb:7d:7:a8,6.01,2.0+OPENLOG+15552 MB+DS3231+BME280+PMSX003-B+PMSX003-A,77,50,57,995.31,0.05,36504,0,1209,19.07,27.73,29.56,18.89,27.53,29.56,84,83,3524.18,983.40,165.04,10.65,2.33,0.40,19.81,28.84,30.90,19.36,28.66,30.90,86,86,3613.91,1030.52,167.74,12.05,3.24,0.59
2023/06/02T12:38:39z,84:f3:eb:7d:7:a8,6.01,2.0+OPENLOG+15552 MB+DS3231+BME280+PMSX003-B+PMSX003-A,77,50,57,995.33,nan,36656,0,128,19.29,28.48,30.55,19.12,28.43,30.55,85,85,3554.86,993.81,173.64,12.86,1.52,1.14,20.12,28.08,29.83,19.62,27.92,29.83,85,84,3596.85,1030.25,150.80,10.60,2.85,0.00
2023/06/02T12:40:39z,84:f3:eb:7d:7:a8,6.01,2.0+OPENLOG+15552 MB+DS3231+BME280+PMSX003-B+PMSX003-A,77,50,57,995.26,0.05,36504,0,248,19.50,26.02,28.20,19.09,25.98,28.20,80,80,3617.79,1007.04,156.23,8.89,2.32,0.50,20.24,26.78,28.59,19.81,26.78,28.59,82,82,3560.29,1014.69,148.17,8.98,2.95,0.78
2023/06/02T12:42:39z,84:f3:eb:7d:7:a8,6.01,2.0+OPENLOG+15552 MB+DS3231+BME280+PMSX003-B+PMSX003-A,77,49,56,995.28,0.05,36504,0,368,19.00,26.84,28.70,19.00,26.84,28.70,82,82,3531.68,979.16,162.46,10.00,1.89,0.35,20.95,29.19,31.77,20.35,28.96,31.77,87,86,3641.47,1045.37,162.47,14.26,3.72,1.79
2023/06/02T12:44:39z,84:f3:eb:7d:7:a8,6.01,2.0+OPENLOG+15552 MB+DS3231+BME280+PMSX003-B+PMSX003-A,77,49,56,995.22,0.05,36504,0,488,20.29,28.03,30.48,19.76,27.90,30.48,85,84,3645.67,1021.79,172.21,11.83,1.79,0.86,21.33,31.35,32.91,20.60,30.42,32.91,91,90,3766.36,1085.02,178.56,14.65,2.40,1.35
2023/06/02T12:46:39z,84:f3:eb:7d:7:a8,6.01,2.0+OPENLOG+15552 MB+DS3231+BME280+PMSX003-B+PMSX003-A,77,49,56,995.22,0.05,36504,0,608,20.00,27.50,30.02,19.60,27.50,30.02,83,83,3578.53,1008.83,153.02,11.86,2.31,1.34,21.45,31.14,33.76,20.48,30.26,33.76,91,89,3830.53,1103.72,174.28,14.59,4.34,0.66
2023/06/02T12:48:39z,84:f3:eb:7d:7:a8,6.01,2.0+OPENLOG+15552 MB+DS3231+BME280+PMSX003-B+PMSX003-A,77,49,56,995.23,0.05,36504,0,728,20.45,29.07,31.62,20.02,28.65,31.62,87,86,3615.00,1028.75,177.40,11.60,3.42,1.13,21.69,31.00,32.14,20.69,30.24,32.14,91,89,3879.10,1107.25,170.54,10.83,1.86,0.54
2023/06/02T12:50:39z,84:f3:eb:7d:7:a8,6.01,2.0+OPENLOG+15552 MB+DS3231+BME280+PMSX003-B+PMSX003-A,78,49,57,995.24,0.05,36504,0,848,19.81,28.62,30.67,19.34,28.38,30.67,86,85,3689.59,1027.62,178.36,12.41,2.79,0.97,21.38,29.62,31.64,20.39,29.29,31.64,88,87,3897.05,1111.32,158.36,9.80,3.36,0.96
2023/06/02T12:52:39z,84:f3:eb:7d:7:a8,6.01,2.0+OPENLOG+15552 MB+DS3231+BME280+PMSX003-B+PMSX003-A,78,49,57,995.24,0.05,36504,0,968,21.28,29.02,30.28,20.53,28.76,30.28,87,86,3769.71,1055.76,159.40,11.48,1.38,0.76,21.69,30.95,32.89,20.65,29.98,32.89,91,89,3907.75,1121.73,173.76,9.78,3.02,1.31
2023/06/02T12:54:39z,84:f3:eb:7d:7:a8,6.01,2.0+OPENLOG+15552 MB+DS3231+BME280+PMSX003-B+PMSX003-A,77,49,56,995.20,0.05,36504,0,1088,20.95,29.07,31.52,20.24,28.66,31.52,87,86,3729.98,1056.12,167.57,12.59,2.83,1.24,22.23,32.12,34.61,21.11,30.89,34.61,93,91,3928.47,1131.68,191.23,12.02,3.54,1.26
2023/06/02T12:56:39z,84:f3:eb:7d:7:a8,6.01,2.0+OPENLOG+15552 MB+DS3231+BME280+PMSX003-B+PMSX003-A,77,49,56,995.18,0.05,36504,0,1208,20.47,28.98,31.25,19.87,28.67,31.25,87,86,3747.93,1048.91,180.45,11.49,2.11,1.24,21.42,30.95,34.25,20.39,29.91,34.25,91,88,3933.32,1118.25,175.96,13.82,4.77,2.07
2023/06/02T12:58:48z,84:f3:eb:7d:7:a8,6.01,2.0+OPENLOG+15552 MB+DS3231+BME280+PMSX003-B+PMSX003-A,78,49,57,995.17,nan,36656,0,128,20.80,29.17,30.12,20.17,29.00,30.12,87,87,3716.93,1043.76,174.32,8.54,1.37,0.24,21.83,31.05,33.44,20.71,30.10,33.44,91,89,3841.83,1105.78,184.85,12.78,4.24,0.15
2023/06/02T13:00:48z,84:f3:eb:7d:7:a8,6.01,2.0+OPENLOG+15552 MB+DS3231+BME280+PMSX003-B+PMSX003-A,78,49,57,995.21,0.05,36568,0,248,20.44,27.93,30.76,19.76,27.83,30.76,84,84,3681.33,1037.83,162.70,12.70,2.74,1.70,22.05,30.78,33.91,20.88,30.07,33.91,90,89,3913.76,1127.76,176.00,11.95,4.90,1.79
2023/06/02T13:02:48z,84:f3:eb:7d:7:a8,6.01,2.0+OPENLOG+15552 MB+DS3231+BME280+PMSX003-B+PMSX003-A,78,49,57,995.24,0.05,36568,0,368,20.24,28.47,29.93,19.79,28.22,29.93,85,85,3672.62,1046.53,157.98,9.03,1.45,0.00,21.93,31.04,32.36,20.89,30.29,32.36,91,89,3845.62,1118.48,180.34,9.64,2.39,0.50
2023/06/02T13:04:48z,84:f3:eb:7d:7:a8,6.01,2.0+OPENLOG+15552 MB+DS3231+BME280+PMSX003-B+PMSX003-A,78,48,57,995.23,0.05,36504,0,488,20.62,29.02,31.02,20.17,28.67,31.02,87,86,3730.97,1046.47,160.21,11.10,2.55,1.03,22.08,32.47,33.15,21.06,31.36,33.15,94,92,3913.98,1131.74,187.81,11.60,1.09,0.60
2023/06/02T13:06:48z,84:f3:eb:7d:7:a8,6.01,2.0+OPENLOG+15552 MB+DS3231+BME280+PMSX003-B+PMSX003-A,78,48,57,995.21,0.05,36504,0,608,20.81,30.07,32.18,20.18,29.63,32.18,89,88,3765.58,1063.67,166.53,12.63,2.53,1.23,21.10,29.93,32.32,20.32,29.36,32.32,89,87,3773.69,1088.98,175.34,9.90,3.42,1.25
2023/06/02T13:08:48z,84:f3:eb:7d:7:a8,6.01,2.0+OPENLOG+15552 MB+DS3231+BME280+PMSX003-B+PMSX003-A,78,48,56,995.29,0.05,36504,0,728,20.33,28.61,31.17,19.87,28.48,31.17,86,85,3683.50,1029.07,168.76,11.33,3.00,1.26,22.29,30.34,34.14,20.90,29.76,34.14,89,88,3982.34,1135.55,172.17,13.83,5.59,1.38
2023/06/02T13:10:48z,84:f3:eb:7d:7:a8,6.01,2.0+OPENLOG+15552 MB+DS3231+BME280+PMSX003-B+PMSX003-A,79,48,57,995.31,0.05,36504,0,848,20.37,29.47,31.53,19.88,29.03,31.53,88,87,3725.34,1053.80,174.31,13.22,1.90,0.44,22.02,30.49,31.98,21.02,29.89,31.98,90,88,3856.58,1108.75,174.88,9.05,2.18,0.67
2023/06/02T13:12:48z,84:f3:eb:7d:7:a8,6.01,2.0+OPENLOG+15552 MB+DS3231+BME280+PMSX003-B+PMSX003-A,79,47,57,995.35,0.05,36504,0,968,20.42,29.39,31.18,19.75,29.18,31.18,87,87,3778.89,1050.28,178.21,10.53,2.49,0.91,21.90,33.00,35.04,20.98,31.46,35.04,95,92,3911.65,1123.12,193.58,12.83,2.92,1.12
2023/06/02T13:14:48z,84:f3:eb:7d:7:a8,6.01,2.0+OPENLOG+15552 MB+DS3231+BME280+PMSX003-B+PMSX003-A,79,47,57,995.35,0.05,36504,0,1088,20.35,29.75,31.00,19.81,29.19,31.00,88,87,3805.00,1059.37,179.56,12.07,1.12,0.56,21.96,31.80,33.78,20.87,30.69,33.78,92,90,3958.85,1139.29,178.02,12.27,3.13,0.73
2023/06/02T13:16:48z,84:f3:eb:7d:7:a8,6.01,2.0+OPENLOG+15552 MB+DS3231+BME280+PMSX003-B+PMSX003-A,79,47,57,995.32,0.05,36504,0,1208,22.38,34.62,38.98,21.27,32.55,38.98,98,94,4098.00,1162.75,221.96,20.64,5.93,1.53,23.47,33.85,37.80,21.78,32.07,37.80,97,93,4142.03,1204.78,192.20,16.08,6.20,2.14
2023/06/02T13:18:57z,84:f3:eb:7d:7:a8,6.01,2.0+OPENLOG+15552 MB+DS3231+BME280+PMSX003-B+PMSX003-A,79,48,57,995.29,nan,36656,0,128,24.70,34.28,35.95,22.49,32.33,35.95,98,94,4335.14,1235.47,198.19,9.30,0.98,0.47,25.20,35.17,37.62,22.73,32.85,37.62,100,95,4392.67,1275.12,193.27,14.38,4.05,1.05
2023/06/02T13:20:57z,84:f3:eb:7d:7:a8,6.01,2.0+OPENLOG+15552 MB+DS3231+BME280+PMSX003-B+PMSX003-A,79,48,57,995.33,0.05,36504,0,248,23.85,34.36,37.17,22.08,32.47,37.17,98,94,4230.57,1206.77,199.77,17.43,1.96,1.17,24.61,36.77,39.00,22.47,33.77,39.00,104,97,4417.42,1264.86,210.74,14.98,3.51,0.74
2023/06/02T13:22:57z,84:f3:eb:7d:7:a8,6.01,2.0+OPENLOG+15552 MB+DS3231+BME280+PMSX003-B+PMSX003-A,80,47,58,995.35,0.05,36504,0,368,23.03,31.73,34.86,21.49,30.54,34.86,92,90,4240.83,1184.95,190.51,11.36,3.86,0.75,24.02,33.86,35.77,22.05,31.96,35.77,97,93,4298.46,1225.93,203.14,11.20,3.39,0.14
2023/06/02T13:24:57z,84:f3:eb:7d:7:a8,6.01,2.0+OPENLOG+15552 MB+DS3231+BME280+PMSX003-B+PMSX003-A,80,47,58,995.38,0.05,36504,0,488,23.86,34.81,37.72,22.22,32.59,37.64,99,94,4302.98,1218.98,201.50,15.67,3.07,1.76,25.25,37.22,38.84,22.75,34.15,38.75,105,97,4576.85,1296.02,219.87,13.76,2.55,0.40
2023/06/02T13:26:57z,84:f3:eb:7d:7:a8,6.01,2.0+OPENLOG+15552 MB+DS3231+BME280+PMSX003-B+PMSX003-A,80,47,58,995.36,0.05,36504,0,608,23.68,32.64,34.32,21.95,31.30,34.32,94,91,4308.96,1194.45,185.20,9.54,2.11,0.57,24.43,34.69,38.31,22.22,32.50,38.22,99,94,4365.31,1253.41,190.14,16.74,5.79,0.72
2023/06/02T13:28:57z,84:f3:eb:7d:7:a8,6.01,2.0+OPENLOG+15552 MB+DS3231+BME280+PMSX003-B+PMSX003-A,80,47,58,995.41,0.05,36504,0,728,23.64,34.13,37.47,22.04,32.19,37.47,97,93,4270.64,1197.72,209.68,16.30,3.21,1.92,24.33,34.18,36.00,22.39,32.11,36.00,97,93,4319.32,1238.23,190.51,13.37,2.74,0.00
2023/06/02T13:30:57z,84:f3:eb:7d:7:a8,6.01,2.0+OPENLOG+15552 MB+DS3231+BME280+PMSX003-B+PMSX003-A,80,46,57,995.41,0.05,36504,0,848,22.82,34.18,37.33,21.33,32.12,37.33,97,93,4180.11,1176.63,216.09,16.18,2.98,1.51,24.39,34.98,37.53,22.32,32.82,37.53,99,95,4359.53,1243.95,199.30,14.40,3.86,0.32
2023/06/02T13:32:57z,84:f3:eb:7d:7:a8,6.01,2.0+OPENLOG+15552 MB+DS3231+BME280+PMSX003-B+PMSX003-A,80,46,57,995.41,0.05,36504,0,968,23.11,33.35,37.25,21.61,31.67,37.25,96,92,4148.84,1176.77,197.75,15.04,5.30,0.88,24.13,35.64,38.38,22.15,33.22,38.31,101,95,4359.38,1234.36,203.75,17.36,4.40,0.51
2023/06/02T13:34:57z,84:f3:eb:7d:7:a8,6.01,2.0+OPENLOG+15552 MB+DS3231+BME280+PMSX003-B+PMSX003-A,80,46,57,995.47,0.05,36504,0,1088,22.19,31.51,33.44,20.86,30.42,33.44,92,90,4040.95,1129.17,191.49,10.51,2.61,0.37,23.45,34.10,36.38,21.95,32.17,36.38,97,93,4211.43,1205.28,195.64,13.95,3.45,0.79
2023/06/02T13:36:57z,84:f3:eb:7d:7:a8,6.01,2.0+OPENLOG+15552 MB+DS3231+BME280+PMSX003-B+PMSX003-A,79,46,57,995.45,0.05,36504,0,1208,20.64,29.86,31.80,20.12,29.39,31.80,88,87,3817.45,1075.16,178.80,11.29,2.32,1.29,22.85,32.53,35.51,21.34,31.24,35.51,94,91,4084.42,1166.46,180.42,11.44,4.54,1.93
2023/06/02T13:39:06z,84:f3:eb:7d:7:a8,6.01,2.0+OPENLOG+15552 MB+DS3231+BME280+PMSX003-B+PMSX003-A,80,46,57,995.48,nan,36656,0,128,20.74,29.50,30.79,20.10,29.12,30.79,88,87,3870.43,1065.43,175.17,9.57,1.86,0.67,22.45,29.17,30.88,21.33,29.00,30.88,87,87,4007.62,1141.35,154.02,6.90,3.25,0.00
2023/06/02T13:41:06z,84:f3:eb:7d:7:a8,6.01,2.0+OPENLOG+15552 MB+DS3231+BME280+PMSX003-B+PMSX003-A,80,46,57,995.42,0.05,36504,0,248,21.18,30.55,34.29,20.34,29.95,34.29,90,89,3827.46,1090.27,174.34,16.11,4.46,1.39,20.96,30.79,33.68,20.04,29.95,33.68,90,89,3892.93,1101.98,172.75,14.57,3.43,2.25
2023/06/02T13:43:06z,84:f3:eb:7d:7:a8,6.01,2.0+OPENLOG+15552 MB+DS3231+BME280+PMSX003-B+PMSX003-A,80,46,57,995.43,0.05,36504,0,368,20.84,30.05,32.93,20.19,29.60,32.93,89,88,3783.26,1061.56,186.26,11.39,3.58,0.74,21.47,31.23,33.88,20.44,30.42,33.88,91,90,3803.89,1102.63,176.18,15.21,4.04,1.09
2023/06/02T13:45:06z,84:f3:eb:7d:7:a8,6.01,2.0+OPENLOG+15552 MB+DS3231+BME280+PMSX003-B+PMSX003-A,79,46,56,995.48,0.05,36504,0,488,20.40,27.88,30.03,19.85,27.72,30.03,84,84,3601.25,1010.97,163.38,11.83,2.57,0.80,21.20,31.00,33.60,20.29,30.16,33.60,91,89,3854.84,1096.91,178.91,15.22,4.40,1.16
2023/06/02T13:47:06z,84:f3:eb:7d:7:a8,6.01,2.0+OPENLOG+15552 MB+DS3231+BME280+PMSX003-B+PMSX003-A,80,46,57,995.46,0.05,36504,0,608,18.11,26.89,29.47,18.11,26.81,29.47,82,82,3433.37,960.39,165.42,13.72,2.88,1.40,21.81,31.53,33.63,20.70,30.54,33.63,92,90,3876.11,1110.09,181.96,11.54,2.91,2.04
2023/06/02T13:49:06z,84:f3:eb:7d:7:a8,6.01,2.0+OPENLOG+15552 MB+DS3231+BME280+PMSX003-B+PMSX003-A,80,45,57,995.42,0.05,36504,0,728,17.94,26.54,29.09,17.94,26.54,29.09,81,81,3307.56,923.44,164.85,13.78,3.19,2.22,19.05,27.83,31.05,18.97,27.74,31.05,84,84,3481.91,997.02,150.14,16.17,5.10,1.41
2023/06/02T13:51:06z,84:f3:eb:7d:7:a8,6.01,2.0+OPENLOG+15552 MB+DS3231+BME280+PMSX003-B+PMSX003-A,81,44,57,995.52,0.05,36504,0,848,17.37,22.81,25.15,17.37,22.81,25.15,74,74,3073.88,867.56,135.41,6.20,3.15,1.53,18.59,26.18,27.41,18.41,26.18,27.41,81,81,3388.98,960.66,152.11,8.18,2.29,0.00
2023/06/02T13:53:06z,84:f3:eb:7d:7:a8,6.01,2.0+OPENLOG+15552 MB+DS3231+BME280+PMSX003-B+PMSX003-A,81,43,56,995.53,0.05,36504,0,968,16.56,23.79,26.04,16.54,23.79,26.04,76,76,3029.84,858.47,142.77,11.02,1.96,0.35,17.57,25.43,26.77,17.57,25.41,26.77,79,79,3181.02,917.62,150.11,9.38,2.04,0.75
2023/06/02T13:55:06z,84:f3:eb:7d:7:a8,6.01,2.0+OPENLOG+15552 MB+DS3231+BME280+PMSX003-B+PMSX003-A,81,43,56,995.49,0.05,36504,0,1088,16.21,23.76,26.38,16.21,23.76,26.38,76,76,3072.16,852.52,142.24,11.52,2.86,1.52,17.26,24.61,26.23,17.26,24.61,26.23,77,77,3118.74,891.86,136.82,9.89,1.82,0.98
2023/06/02T13:57:06z,84:f3:eb:7d:7:a8,6.01,2.0+OPENLOG+15552 MB+DS3231+BME280+PMSX003-B+PMSX003-A,81,43,57,995.51,0.05,36504,0,1208,16.02,23.66,25.48,16.02,23.66,25.48,75,75,3015.80,857.14,144.32,10.50,2.43,0.29,17.22,24.53,25.71,17.22,24.53,25.71,77,77,3145.03,897.59,145.93,7.72,2.03,0.48
2023/06/02T13:59:14z,84:f3:eb:7d:7:a8,6.01,2.0+OPENLOG+15552 MB+DS3231+BME280+PMSX003-B+PMSX003-A,81,43,56,995.54,nan,36656,0,128,16.33,22.50,25.29,16.33,22.50,25.29,73,73,3030.57,847.43,134.40,9.76,3.05,1.38,16.41,23.23,26.49,16.41,23.23,26.49,74,74,3070.38,874.13,134.67,12.36,4.56,1.95
2023/06/02T14:01:14z,84:f3:eb:7d:7:a8,6.01,2.0+OPENLOG+15552 MB+DS3231+BME280+PMSX003-B+PMSX003-A,81,42,56,995.54,0.05,36568,0,248,16.86,22.89,24.23,16.86,22.89,24.23,74,74,3084.91,863.09,127.86,7.82,1.21,0.07,16.59,22.64,23.41,16.59,22.64,23.41,73,73,2924.95,832.69,119.38,7.34,1.07,1.07
2023/06/02T14:03:14z,84:f3:eb:7d:7:a8,6.01,2.0+OPENLOG+15552 MB+DS3231+BME280+PMSX003-B+PMSX003-A,82,42,56,995.51,0.05,36568,0,368,15.71,22.21,23.86,15.71,22.21,23.86,72,72,2849.02,809.53,146.72,6.41,2.14,0.41,17.54,24.04,25.32,17.54,24.04,25.32,76,76,3017.62,880.55,127.36,8.11,1.96,0.50
2023/06/02T14:05:14z,84:f3:eb:7d:7:a8,6.01,2.0+OPENLOG+15552 MB+DS3231+BME280+PMSX003-B+PMSX003-A,82,41,56,995.53,0.05,36504,0,488,15.88,21.59,23.45,15.88,21.59,23.45,71,71,2936.28,818.72,127.09,6.76,2.17,0.48,16.51,24.15,26.80,16.51,24.15,26.80,76,76,3001.42,855.27,138.20,12.18,3.89,1.96
2023/06/02T14:07:14z,84:f3:eb:7d:7:a8,6.01,2.0+OPENLOG+15552 MB+DS3231+BME280+PMSX003-B+PMSX003-A,82,41,56,995.52,0.05,36504,0,608,15.67,21.33,22.62,15.67,21.33,22.62,70,70,2814.05,788.87,123.96,7.20,1.56,0.84,16.52,23.26,24.05,16.52,23.26,24.05,74,74,2985.10,852.40,126.55,7.62,1.55,0.00
2023/06/02T14:09:14z,84:f3:eb:7d:7:a8,6.01,2.0+OPENLOG+15552 MB+DS3231+BME280+PMSX003-B+PMSX003-A,81,41,55,995.50,0.05,36504,0,728,15.11,21.57,23.92,15.11,21.57,23.92,71,71,2774.49,787.30,131.45,9.02,2.30,0.98,15.78,22.12,24.53,15.78,22.10,24.53,72,72,2840.69,815.54,127.19,10.05,3.76,1.08
2023/06/02T14:11:14z,84:f3:eb:7d:7:a8,6.01,2.0+OPENLOG+15552 MB+DS3231+BME280+PMSX003-B+PMSX003-A,82,41,56,995.51,0.05,36504,0,848,14.04,20.09,22.00,14.04,20.09,22.00,68,68,2636.05,735.05,121.54,9.86,2.04,1.23,14.84,20.59,21.88,14.84,20.59,21.88,69,69,2725.29,776.05,123.84,5.83,1.62,0.34
2023/06/02T14:13:14z,84:f3:eb:7d:7:a8,6.01,2.0+OPENLOG+15552 MB+DS3231+BME280+PMSX003-B+PMSX003-A,82,41,56,995.55,0.05,36504,0,968,14.07,20.78,22.31,14.07,20.78,22.31,69,69,2619.66,740.05,126.54,9.36,1.93,0.41,15.27,21.75,23.18,15.27,21.75,23.18,71,71,2836.31,798.05,122.73,8.55,1.75,0.47
2023/06/02T14:15:14z,84:f3:eb:7d:7:a8,6.01,2.0+OPENLOG+15552 MB+DS3231+BME280+PMSX003-B+PMSX003-A,82,41,55,995.54,0.05,36504,0,1088,15.09,20.88,21.96,15.09,20.88,21.96,69,69,2739.32,780.11,123.18,7.05,1.16,0.00,14.76,20.98,22.09,14.76,20.98,22.09,70,70,2727.26,780.38,125.12,6.83,1.66,0.21
2023/06/02T14:17:14z,84:f3:eb:7d:7:a8,6.01,2.0+OPENLOG+15552 MB+DS3231+BME280+PMSX003-B+PMSX003-A,83,40,56,995.54,0.05,36504,0,1208,13.54,19.06,21.89,13.54,19.06,21.89,66,66,2536.56,707.70,122.35,10.26,3.63,0.48,14.79,22.07,23.84,14.79,22.07,23.84,72,72,2777.42,783.44,138.77,8.28,2.74,0.14
2023/06/02T14:19:24z,84:f3:eb:7d:7:a8,6.01,2.0+OPENLOG+15552 MB+DS3231+BME280+PMSX003-B+PMSX003-A,83,39,55,995.56,nan,36656,0,128,12.62,17.67,18.86,12.62,17.67,18.86,63,63,2388.21,669.60,97.14,7.00,0.76,0.00,14.39,18.93,20.07,14.39,18.93,20.07,65,65,2612.78,740.61,104.41,5.95,1.37,1.37
2023/06/02T14:21:24z,84:f3:eb:7d:7:a8,6.01,2.0+OPENLOG+15552 MB+DS3231+BME280+PMSX003-B+PMSX003-A,83,39,55,995.54,0.05,36568,0,248,12.27,18.57,19.30,12.27,18.57,19.30,65,65,2368.71,669.98,115.27,8.21,0.43,0.00,14.05,19.75,20.68,14.05,19.75,20.68,67,67,2572.11,732.60,122.63,5.61,1.05,0.49
2023/06/02T14:23:24z,84:f3:eb:7d:7:a8,6.01,2.0+OPENLOG+15552 MB+DS3231+BME280+PMSX003-B+PMSX003-A,83,39,55,995.53,0.05,36568,0,368,14.26,19.29,21.43,14.26,19.29,21.43,66,66,2627.90,743.88,124.45,6.14,3.24,0.79,14.12,20.33,21.26,14.12,20.33,21.26,68,68,2614.89,739.32,118.68,7.54,1.30,0.28
2023/06/02T14:25:24z,84:f3:eb:7d:7:a8,6.01,2.0+OPENLOG+15552 MB+DS3231+BME280+PMSX003-B+PMSX003-A,83,39,55,995.52,0.05,36568,0,488,13.37,18.76,20.36,13.37,18.76,20.36,65,65,2533.68,710.88,122.31,5.69,2.14,0.44,14.82,21.02,22.38,14.82,21.02,22.38,70,70,2642.45,765.47,132.40,6.16,2.18,0.58
2023/06/02T14:27:24z,84:f3:eb:7d:7:a8,6.01,2.0+OPENLOG+15552 MB+DS3231+BME280+PMSX003-B+PMSX003-A,84,39,56,995.59,0.05,36568,0,608,13.88,20.38,21.91,13.88,20.38,21.91,68,68,2628.27,726.77,141.77,6.68,2.32,0.89,15.53,21.50,22.72,15.53,21.50,22.72,71,71,2759.74,792.14,122.76,6.41,1.72,1.45
2023/06/02T14:29:24z,84:f3:eb:7d:7:a8,6.01,2.0+OPENLOG+15552 MB+DS3231+BME280+PMSX003-B+PMSX003-A,84,39,56,995.58,0.05,36504,0,728,13.96,19.73,21.59,13.96,19.73,21.59,67,67,2642.79,731.93,126.16,8.39,1.75,0.61,15.53,20.78,21.78,15.53,20.78,21.78,69,69,2714.19,780.20,122.83,8.10,1.56,0.00
2023/06/02T14:31:24z,84:f3:eb:7d:7:a8,6.01,2.0+OPENLOG+15552 MB+DS3231+BME280+PMSX003-B+PMSX003-A,84,39,56,995.56,0.05,36504,0,848,14.25,19.59,21.92,14.25,19.59,21.92,67,67,2609.85,739.36,117.39,8.07,2.75,0.85,15.18,21.91,23.21,15.18,21.91,23.21,72,72,2776.77,800.18,125.05,8.43,2.11,0.43
2023/06/02T14:33:24z,84:f3:eb:7d:7:a8,6.01,2.0+OPENLOG+15552 MB+DS3231+BME280+PMSX003-B+PMSX003-A,83,39,56,995.55,0.05,36504,0,968,14.95,21.46,22.17,14.95,21.46,22.17,71,71,2793.97,770.02,123.15,8.95,0.85,0.47,16.11,21.55,22.88,16.11,21.55,22.88,71,71,2852.68,810.39,119.45,6.43,2.25,0.39
2023/06/02T14:35:24z,84:f3:eb:7d:7:a8,6.01,2.0+OPENLOG+15552 MB+DS3231+BME280+PMSX003-B+PMSX003-A,83,40,56,995.54,0.05,36504,0,1088,15.88,22.70,24.19,15.88,22.70,24.19,73,73,2897.32,820.53,132.11,9.74,1.65,0.25,16.77,23.53,25.32,16.77,23.53,25.32,75,75,3065.26,869.18,132.30,8.28,2.91,0.49
2023/06/02T14:37:24z,84:f3:eb:7d:7:a8,6.01,2.0+OPENLOG+15552 MB+DS3231+BME280+PMSX003-B+PMSX003-A,83,40,56,995.56,0.05,36504,0,1208,16.40,21.93,22.65,16.40,21.93,22.65,72,72,2934.87,829.84,121.96,8.29,0.84,0.47,17.00,23.70,26.40,17.00,23.70,26.40,75,75,3083.42,880.51,121.32,11.63,4.18,1.26
2023/06/02T14:39:33z,84:f3:eb:7d:7:a8,6.01,2.0+OPENLOG+15552 MB+DS3231+BME280+PMSX003-B+PMSX003-A,83,41,57,995.53,nan,36656,0,128,15.43,22.86,24.21,15.43,22.86,24.21,74,74,2951.71,824.48,133.71,7.90,1.48,0.81,16.62,23.62,24.56,16.62,23.62,24.56,75,75,3090.31,875.51,130.64,7.13,1.79,0.31
2023/06/02T14:41:33z,84:f3:eb:7d:7:a8,6.01,2.0+OPENLOG+15552 MB+DS3231+BME280+PMSX003-B+PMSX003-A,83,40,56,995.52,0.05,36256,0,248,16.54,22.81,24.28,16.54,22.81,24.28,74,74,2951.68,833.65,137.53,8.88,1.61,0.35,16.92,24.55,26.08,16.92,24.55,26.08,77,77,3085.85,885.13,142.90,9.05,2.47,0.27
2023/06/02T14:43:33z,84:f3:eb:7d:7:a8,6.01,2.0+OPENLOG+15552 MB+DS3231+BME280+PMSX003-B+PMSX003-A,84,40,57,995.53,0.05,36568,0,368,16.53,22.64,23.59,16.53,22.64,23.59,73,73,3054.36,843.08,131.66,9.66,0.00,0.00,17.68,24.89,26.73,17.68,24.89,26.73,78,78,3172.29,908.09,150.91,7.46,3.00,1.29
2023/06/02T14:45:33z,84:f3:eb:7d:7:a8,6.01,2.0+OPENLOG+15552 MB+DS3231+BME280+PMSX003-B+PMSX003-A,84,39,56,995.46,0.05,36568,0,488,17.59,24.93,26.52,17.59,24.93,26.52,78,78,3158.28,895.55,152.74,7.59,1.31,0.38,17.16,24.96,27.24,17.16,24.96,27.24,78,78,3186.22,906.76,156.89,10.51,3.78,0.84
2023/06/02T14:47:33z,84:f3:eb:7d:7:a8,6.01,2.0+OPENLOG+15552 MB+DS3231+BME280+PMSX003-B+PMSX003-A,85,39,57,995.45,0.05,36568,0,608,16.35,22.73,25.13,16.35,22.73,25.13,73,73,3073.80,856.44,146.27,8.11,2.22,0.95,17.95,24.21,26.60,17.95,24.21,26.60,76,76,3136.09,905.33,139.07,9.93,3.79,1.97
2023/06/02T14:49:33z,84:f3:eb:7d:7:a8,6.01,2.0+OPENLOG+15552 MB+DS3231+BME280+PMSX003-B+PMSX003-A,85,38,57,995.44,0.05,36568,0,728,15.74,23.04,25.63,15.74,23.04,25.63,74,74,2940.72,832.67,141.54,13.00,2.85,0.93,16.48,23.68,26.58,16.48,23.68,26.58,75,75,2985.50,850.45,150.77,12.23,4.47,1.53
2023/06/02T14:51:33z,84:f3:eb:7d:7:a8,6.01,2.0+OPENLOG+15552 MB+DS3231+BME280+PMSX003-B+PMSX003-A,86,37,57,995.49,0.05,36568,0,848,16.83,24.05,25.92,16.83,24.05,25.92,76,76,3133.07,872.71,143.90,11.47,1.97,0.31,17.24,25.78,27.31,17.24,25.78,27.31,80,80,3150.78,897.74,153.93,10.93,2.62,0.79
2023/06/02T14:53:33z,84:f3:eb:7d:7:a8,6.01,2.0+OPENLOG+15552 MB+DS3231+BME280+PMSX003-B+PMSX003-A,86,37,56,995.49,0.05,36568,0,968,14.83,20.19,21.90,14.83,20.19,21.90,68,68,2737.68,751.54,122.25,7.49,2.17,0.37,15.51,22.00,23.58,15.51,22.00,23.58,72,72,2788.64,798.71,130.02,9.05,2.58,0.44
2023/06/02T14:55:33z,84:f3:eb:7d:7:a8,6.01,2.0+OPENLOG+15552 MB+DS3231+BME280+PMSX003-B+PMSX003-A,86,36,56,995.48,0.05,36568,0,1088,13.98,19.40,21.51,13.98,19.40,21.51,66,66,2668.26,743.61,110.53,8.39,2.28,0.88,15.79,22.11,22.96,15.79,22.11,22.96,72,72,2852.84,817.12,131.51,6.68,1.40,0.32
2023/06/02T14:57:33z,84:f3:eb:7d:7:a8,6.01,2.0+OPENLOG+15552 MB+DS3231+BME280+PMSX003-B+PMSX003-A,86,37,56,995.47,0.05,36568,0,1208,14.41,19.79,21.46,14.41,19.79,21.46,67,67,2760.75,772.29,113.86,8.50,1.79,0.39,16.12,22.47,25.18,16.12,22.47,25.18,73,73,2931.00,840.75,122.77,11.07,4.11,1.47
2023/06/02T14:59:41z,84:f3:eb:7d:7:a8,6.01,2.0+OPENLOG+15552 MB+DS3231+BME280+PMSX003-B+PMSX003-A,86,36,56,995.41,nan,36656,0,127,14.02,21.21,24.14,14.02,21.21,24.14,70,70,2652.57,758.62,136.62,11.00,3.62,1.52,14.98,21.77,23.38,14.98,21.77,23.38,71,71,2768.18,795.00,126.07,10.48,2.15,0.60
2023/06/02T15:01:41z,84:f3:eb:7d:7:a8,6.01,2.0+OPENLOG+15552 MB+DS3231+BME280+PMSX003-B+PMSX003-A,87,35,56,995.39,0.05,36504,0,247,14.02,21.23,22.45,14.02,21.23,22.45,70,70,2723.41,760.04,131.21,9.36,1.54,0.25,15.05,21.21,22.60,15.05,21.21,22.60,70,70,2777.95,790.72,124.37,8.67,2.32,0.39
2023/06/02T15:03:41z,84:f3:eb:7d:7:a8,6.01,2.0+OPENLOG+15552 MB+DS3231+BME280+PMSX003-B+PMSX003-A,87,36,57,995.40,0.05,36504,0,367,13.88,20.15,20.85,13.88,20.15,20.85,68,68,2636.69,726.32,106.78,8.47,1.02,0.00,15.23,20.72,20.79,15.23,20.72,20.79,69,69,2768.05,784.02,110.82,5.96,0.07,0.00
2023/06/02T15:05:41z,84:f3:eb:7d:7:a8,6.01,2.0+OPENLOG+15552 MB+DS3231+BME280+PMSX003-B+PMSX003-A,88,35,57,995.37,0.05,36504,0,487,13.07,19.15,20.73,13.07,19.15,20.73,66,66,2572.22,710.27,117.68,7.93,1.29,0.37,14.85,20.09,21.15,14.85,20.09,21.15,68,68,2634.87,756.64,113.13,5.93,1.56,0.91
2023/06/02T15:07:41z,84:f3:eb:7d:7:a8,6.01,2.0+OPENLOG+15552 MB+DS3231+BME280+PMSX003-B+PMSX003-A,86,34,54,993.78,0.05,36504,0,607,13.49,19.21,21.14,13.49,19.21,21.14,66,66,2550.68,721.79,111.37,9.54,1.47,0.98,14.66,20.50,22.38,14.66,20.50,22.38,69,69,2712.47,770.14,119.60,9.21,2.90,0.83
2023/06/02T15:09:41z,84:f3:eb:7d:7:a8,6.01,2.0+OPENLOG+15552 MB+DS3231+BME280+PMSX003-B+PMSX003-A,89,34,57,995.37,0.05,36504,0,727,12.60,18.58,20.05,12.60,18.58,20.05,65,65,2475.11,691.73,106.60,9.16,0.98,0.00,13.48,19.98,23.38,13.48,19.98,23.38,68,68,2609.33,741.48,121.76,14.72,5.10,1.52
2023/06/02T15:11:41z,84:f3:eb:7d:7:a8,6.01,2.0+OPENLOG+15552 MB+DS3231+BME280+PMSX003-B+PMSX003-A,88,34,56,995.44,0.05,36504,0,847,13.93,20.67,22.16,13.93,20.67,22.16,69,69,2589.95,733.51,122.72,11.40,1.65,0.11,13.33,19.61,21.54,13.33,19.61,21.54,67,67,2539.63,728.96,117.61,9.70,2.60,1.82
2023/06/02T15:13:41z,84:f3:eb:7d:7:a8,6.01,2.0+OPENLOG+15552 MB+DS3231+BME280+PMSX003-B+PMSX003-A,88,33,56,995.38,0.05,36504,0,967,12.97,18.56,20.90,12.97,18.56,20.90,65,65,2443.27,687.19,108.51,13.19,2.31,1.39,14.67,21.91,24.02,14.67,21.91,24.02,72,72,2730.37,781.40,131.53,10.39,3.09,1.86
2023/06/02T15:15:41z,84:f3:eb:7d:7:a8,6.01,2.0+OPENLOG+15552 MB+DS3231+BME280+PMSX003-B+PMSX003-A,88,34,56,995.39,0.05,36504,0,1087,13.25,19.76,21.14,13.25,19.76,21.14,67,67,2602.22,727.58,127.25,7.19,1.56,0.71,14.84,21.70,22.89,14.84,21.70,22.89,71,71,2727.42,782.14,121.81,9.75,2.18,0.14
2023/06/02T15:17:41z,84:f3:eb:7d:7:a8,6.01,2.0+OPENLOG+15552 MB+DS3231+BME280+PMSX003-B+PMSX003-A,87,35,56,995.37,0.05,36504,0,1207,13.65,18.73,20.00,13.65,18.73,20.00,65,65,2543.62,714.56,110.31,7.49,1.16,0.22,15.05,21.60,22.60,15.05,21.60,22.60,71,71,2816.07,790.09,123.60,6.76,1.45,0.52
2023/06/02T15:19:49z,84:f3:eb:7d:7:a8,6.01,2.0+OPENLOG+15552 MB+DS3231+BME280+PMSX003-B+PMSX003-A,87,35,56,995.42,nan,36656,0,127,14.14,20.76,23.71,14.14,20.76,23.71,69,69,2623.36,750.74,126.14,11.71,3.14,1.43,15.10,21.48,24.17,15.10,21.48,24.17,71,71,2847.75,797.67,130.23,7.80,4.35,2.00
2023/06/02T15:21:49z,84:f3:eb:7d:7:a8,6.01,2.0+OPENLOG+15552 MB+DS3231+BME280+PMSX003-B+PMSX003-A,88,34,56,995.47,0.05,36568,0,247,13.78,20.67,23.54,13.78,20.67,23.54,69,69,2591.89,722.52,131.50,11.39,3.52,1.15,14.38,20.29,21.20,14.38,20.29,21.20,68,68,2634.54,744.91,116.89,7.64,1.64,0.14
2023/06/02T15:23:49z,84:f3:eb:7d:7:a8,6.01,2.0+OPENLOG+15552 MB+DS3231+BME280+PMSX003-B+PMSX003-A,87,34,55,995.42,0.05,36504,0,367,13.28,18.62,19.78,13.28,18.62,19.78,65,65,2563.24,713.33,110.21,6.90,1.24,0.00,13.05,17.53,18.49,13.05,17.53,18.49,62,62,2507.63,703.81,107.79,5.44,1.47,0.49
2023/06/02T15:25:49z,84:f3:eb:7d:7:a8,6.01,2.0+OPENLOG+15552 MB+DS3231+BME280+PMSX003-B+PMSX003-A,87,35,56,995.61,0.05,36504,0,487,14.05,20.07,21.55,14.05,20.07,21.55,68,68,2567.12,724.00,124.64,7.69,1.21,0.52,14.57,18.93,19.52,14.57,18.93,19.52,65,65,2578.88,738.09,106.21,4.79,0.54,0.00
2023/06/02T15:27:49z,84:f3:eb:7d:7:a8,6.01,2.0+OPENLOG+15552 MB+DS3231+BME280+PMSX003-B+PMSX003-A,87,34,55,995.45,0.05,36504,0,607,12.95,17.60,18.25,12.95,17.60,18.25,63,63,2374.26,670.21,95.98,5.54,0.56,0.56,13.77,19.77,20.84,13.77,19.77,20.84,67,67,2449.26,719.84,110.14,7.82,1.61,0.46
2023/06/02T15:29:49z,84:f3:eb:7d:7:a8,6.01,2.0+OPENLOG+15552 MB+DS3231+BME280+PMSX003-B+PMSX003-A,86,35,55,995.47,0.05,36504,0,727,12.37,16.63,18.77,12.37,16.63,18.77,61,61,2279.32,639.00,92.37,6.95,2.70,1.51,13.41,19.69,20.78,13.41,19.69,20.78,67,67,2503.81,715.21,116.55,5.28,1.66,0.79
2023/06/02T15:31:49z,84:f3:eb:7d:7:a8,6.01,2.0+OPENLOG+15552 MB+DS3231+BME280+PMSX003-B+PMSX003-A,87,34,55,995.55,0.05,36504,0,847,11.95,16.72,18.32,11.95,16.72,18.32,61,61,2273.84,634.28,103.88,6.46,1.61,0.81,13.23,19.44,21.16,13.23,19.44,21.16,66,66,2454.37,697.12,113.28,11.54,2.07,1.37
2023/06/02T15:33:49z,84:f3:eb:7d:7:a8,6.01,2.0+OPENLOG+15552 MB+DS3231+BME280+PMSX003-B+PMSX003-A,87,34,55,995.51,0.05,36504,0,967,11.83,16.31,17.86,11.83,16.31,17.86,60,60,2324.14,628.29,102.76,5.69,2.58,0.00,12.93,18.23,20.68,12.93,18.23,20.68,64,64,2430.48,689.16,109.38,9.46,3.54,2.11
2023/06/02T15:35:49z,84:f3:eb:7d:7:a8,6.01,2.0+OPENLOG+15552 MB+DS3231+BME280+PMSX003-B+PMSX003-A,86,34,55,995.53,0.05,36504,0,1087,13.02,17.63,18.35,13.02,17.63,18.35,63,63,2373.05,665.74,98.42,4.77,0.84,0.35,13.26,18.11,19.58,13.26,18.11,19.58,64,64,2450.21,701.88,110.77,4.28,2.18,1.47
2023/06/02T15:37:49z,84:f3:eb:7d:7:a8,6.01,2.0+OPENLOG+15552 MB+DS3231+BME280+PMSX003-B+PMSX003-A,86,35,55,995.50,0.05,36504,0,1207,11.42,15.62,17.45,11.42,15.62,17.45,58,58,2124.82,597.84,90.33,8.15,2.04,1.27,12.32,16.20,17.47,12.32,16.20,17.47,60,60,2267.59,647.31,86.90,6.68,1.59,0.81
2023/06/02T15:39:58z,84:f3:eb:7d:7:a8,6.01,2.0+OPENLOG+15552 MB+DS3231+BME280+PMSX003-B+PMSX003-A,87,34,55,995.49,nan,36656,0,128,11.26,15.17,15.86,11.26,15.17,15.86,57,57,2049.93,583.93,86.38,3.38,0.52,0.00,11.73,16.65,16.88,11.73,16.65,16.88,61,61,2149.50,612.03,98.82,3.15,0.30,0.30
2023/06/02T15:41:58z,84:f3:eb:7d:7:a8,6.01,2.0+OPENLOG+15552 MB+DS3231+BME280+PMSX003-B+PMSX003-A,85,35,54,995.46,0.05,36504,0,248,11.86,16.82,17.38,11.86,16.82,17.38,61,61,2212.71,627.07,94.41,5.32,0.29,0.29,12.90,17.56,18.64,12.90,17.56,18.64,62,62,2340.20,673.49,99.00,5.97,1.39,0.75
2023/06/02T15:43:58z,84:f3:eb:7d:7:a8,6.01,2.0+OPENLOG+15552 MB+DS3231+BME280+PMSX003-B+PMSX003-A,86,35,55,995.51,0.05,36320,0,368,11.66,17.19,18.51,11.66,17.19,18.51,62,62,2203.78,622.15,112.68,7.02,1.86,0.41,12.58,16.86,18.79,12.58,16.86,18.79,61,61,2315.84,661.30,94.35,5.51,2.46,2.39
2023/06/02T15:45:58z,84:f3:eb:7d:7:a8,6.01,2.0+OPENLOG+15552 MB+DS3231+BME280+PMSX003-B+PMSX003-A,85,36,55,995.53,0.05,36504,0,488,12.76,17.61,19.14,12.76,17.61,19.14,63,63,2435.19,680.56,105.51,5.59,1.76,0.68,12.57,17.39,19.52,12.57,17.39,19.52,62,62,2300.30,649.98,99.14,6.93,3.43,1.29
2023/06/02T15:47:58z,84:f3:eb:7d:7:a8,6.01,2.0+OPENLOG+15552 MB+DS3231+BME280+PMSX003-B+PMSX003-A,87,34,55,995.52,0.05,36504,0,608,12.26,17.00,18.53,12.26,17.00,18.53,61,61,2284.76,642.10,100.10,7.21,1.83,0.97,12.29,16.86,17.84,12.29,16.86,17.84,61,61,2290.40,646.00,93.19,6.72,1.41,0.24
2023/06/02T15:49:58z,84:f3:eb:7d:7:a8,6.01,2.0+OPENLOG+15552 MB+DS3231+BME280+PMSX003-B+PMSX003-A,85,35,54,995.51,0.05,36504,0,728,12.07,18.14,19.35,12.07,18.14,19.35,64,64,2332.42,642.93,114.91,6.42,1.47,0.53,12.26,17.71,18.43,12.26,17.71,18.43,63,63,2297.90,645.00,105.95,7.07,1.31,0.24
2023/06/02T15:51:58z,84:f3:eb:7d:7:a8,6.01,2.0+OPENLOG+15552 MB+DS3231+BME280+PMSX003-B+PMSX003-A,87,34,55,995.50,0.05,36504,0,848,11.21,15.98,17.61,11.21,15.98,17.61,59,59,2120.63,601.30,105.96,7.75,1.47,0.53,11.82,17.04,18.16,11.82,17.04,18.16,61,61,2233.47,629.02,95.67,7.65,1.61,0.32
2023/06/02T15:53:58z,84:f3:eb:7d:7:a8,6.01,2.0+OPENLOG+15552 MB+DS3231+BME280+PMSX003-B+PMSX003-A,88,33,56,995.51,0.05,36504,0,968,11.22,16.45,18.45,11.22,16.45,18.45,60,60,2167.71,616.71,107.57,8.90,2.72,0.38,12.55,17.87,19.18,12.55,17.87,19.18,63,63,2385.16,671.11,108.11,6.04,2.22,0.87
2023/06/02T15:55:58z,84:f3:eb:7d:7:a8,6.01,2.0+OPENLOG+15552 MB+DS3231+BME280+PMSX003-B+PMSX003-A,88,33,55,995.52,0.05,36504,0,1088,11.04,15.69,16.93,11.04,15.69,16.93,59,59,2112.87,582.33,99.02,6.62,0.84,0.29,11.46,15.60,16.88,11.46,15.60,16.88,58,58,2225.26,624.26,95.93,7.37,1.96,0.77
2023/06/02T15:57:58z,84:f3:eb:7d:7:a8,6.01,2.0+OPENLOG+15552 MB+DS3231+BME280+PMSX003-B+PMSX003-A,88,33,55,995.48,0.05,36504,0,1208,11.89,16.28,18.26,11.89,16.28,18.26,60,60,2215.06,618.17,100.52,6.67,2.15,1.26,12.05,15.69,16.98,12.05,15.69,16.98,59,59,2224.42,625.22,91.31,5.12,1.66,1.25
2023/06/02T16:00:07z,84:f3:eb:7d:7:a8,6.01,2.0+OPENLOG+15552 MB+DS3231+BME280+PMSX003-B+PMSX003-A,87,34,55,995.54,nan,36656,0,128,11.93,17.43,18.17,11.93,17.43,18.17,62,62,2248.43,633.90,104.12,7.05,0.57,0.00,13.40,19.85,21.23,13.40,19.85,21.23,67,67,2492.25,712.65,117.82,11.07,2.25,1.00
2023/06/02T16:02:07z,84:f3:eb:7d:7:a8,6.01,2.0+OPENLOG+15552 MB+DS3231+BME280+PMSX003-B+PMSX003-A,87,34,55,995.56,0.05,36568,0,248,11.40,15.91,18.02,11.40,15.91,18.02,59,59,2130.65,599.56,102.65,7.64,2.80,0.33,13.12,17.68,19.54,13.12,17.68,19.54,63,63,2387.59,671.25,106.31,6.24,2.88,1.19
2023/06/02T16:04:07z,84:f3:eb:7d:7:a8,6.01,2.0+OPENLOG+15552 MB+DS3231+BME280+PMSX003-B+PMSX003-A,88,34,56,995.57,0.05,36568,0,368,11.69,16.20,17.64,11.69,16.20,17.64,60,60,2205.56,616.92,100.12,5.46,2.00,0.00,12.84,17.85,18.24,12.84,17.85,18.24,63,63,2274.93,654.73,104.62,5.16,0.65,0.18
2023/06/02T16:06:07z,84:f3:eb:7d:7:a8,6.01,2.0+OPENLOG+15552 MB+DS3231+BME280+PMSX003-B+PMSX003-A,90,32,56,995.55,0.05,36568,0,488,10.07,13.68,14.51,10.07,13.68,14.51,54,54,1987.02,552.83,83.92,4.85,1.29,0.00,10.45,14.88,15.29,10.45,14.88,15.29,57,57,2050.55,581.96,96.71,3.18,0.71,0.36
2023/06/02T16:08:07z,84:f3:eb:7d:7:a8,6.01,2.0+OPENLOG+15552 MB+DS3231+BME280+PMSX003-B+PMSX003-A,91,31,56,995.59,0.05,36504,0,608,9.77,14.09,15.02,9.77,14.09,15.02,55,55,1953.59,531.52,85.14,5.50,0.57,0.00,10.41,14.40,15.40,10.41,14.40,15.40,56,56,1933.86,538.60,79.79,8.33,1.59,0.48
2023/06/02T16:10:07z,84:f3:eb:7d:7:a8,6.01,2.0+OPENLOG+15552 MB+DS3231+BME280+PMSX003-B+PMSX003-A,91,30,55,995.58,0.05,36504,0,728,8.64,12.31,12.67,8.64,12.31,12.67,51,51,1775.67,485.58,73.24,3.82,0.73,0.00,8.36,12.17,14.39,8.36,12.17,14.39,51,51,1719.71,487.36,73.37,7.46,3.02,0.95
2023/06/02T16:12:07z,84:f3:eb:7d:7:a8,6.01,2.0+OPENLOG+15552 MB+DS3231+BME280+PMSX003-B+PMSX003-A,91,29,54,995.54,0.05,36504,0,848,8.14,10.95,11.93,8.14,10.95,11.93,46,46,1605.47,446.95,64.79,4.17,0.79,0.00,8.47,11.32,12.04,8.47,11.32,12.04,47,47,1676.21,479.67,67.98,2.88,1.23,0.53
2023/06/02T16:14:07z,84:f3:eb:7d:7:a8,6.01,2.0+OPENLOG+15552 MB+DS3231+BME280+PMSX003-B+PMSX003-A,90,30,55,995.52,0.05,36504,0,968,8.73,11.86,12.78,8.73,11.86,12.78,49,49,1706.64,481.24,72.32,3.19,0.41,0.00,10.21,14.43,16.02,10.21,14.43,16.02,56,56,2004.70,568.05,79.71,7.07,2.61,0.82
2023/06/02T16:16:07z,84:f3:eb:7d:7:a8,6.01,2.0+OPENLOG+15552 MB+DS3231+BME280+PMSX003-B+PMSX003-A,92,30,56,995.54,0.05,36504,0,1088,9.64,14.36,15.64,9.64,14.36,15.64,56,56,1867.07,525.57,90.80,7.50,1.11,0.00,10.42,16.18,18.33,10.42,16.18,18.33,60,60,2043.37,587.02,105.25,7.61,3.05,1.26
2023/06/02T16:18:07z,84:f3:eb:7d:7:a8,6.01,2.0+OPENLOG+15552 MB+DS3231+BME280+PMSX003-B+PMSX003-A,93,28,55,995.48,0.05,36504,0,1208,8.58,12.18,12.95,8.58,12.18,12.95,51,51,1720.84,478.23,79.95,3.40,0.56,0.00,9.76,13.22,14.74,9.76,13.22,14.74,53,53,1824.57,514.55,78.34,7.48,2.31,0.34
2023/06/02T16:20:15z,84:f3:eb:7d:7:a8,6.01,2.0+OPENLOG+15552 MB+DS3231+BME280+PMSX003-B+PMSX003-A,92,29,55,995.47,nan,36656,0,128,10.31,14.40,15.43,10.31,14.40,15.43,56,56,1987.21,553.26,92.00,5.71,1.38,0.00,10.40,14.38,15.32,10.40,14.38,15.32,56,56,2026.80,566.53,88.62,4.25,1.65,0.00
2023/06/02T16:22:15z,84:f3:eb:7d:7:a8,6.01,2.0+OPENLOG+15552 MB+DS3231+BME280+PMSX003-B+PMSX003-A,91,29,54,995.44,0.05,36504,0,248,9.84,12.93,14.36,9.84,12.93,14.36,53,53,1926.71,523.58,73.85,5.20,1.05,0.00,9.49,14.29,16.00,9.49,14.29,16.00,56,56,1838.14,533.93,85.93,8.12,2.78,0.75
2023/06/02T16:24:15z,84:f3:eb:7d:7:a8,6.01,2.0+OPENLOG+15552 MB+DS3231+BME280+PMSX003-B+PMSX003-A,93,29,56,995.38,0.05,36504,0,368,10.53,15.15,16.73,10.53,15.15,16.73,57,57,2016.41,562.75,86.31,9.05,1.83,0.92,11.82,16.09,17.60,11.82,16.09,17.60,59,59,2175.87,619.91,97.55,4.51,2.51,0.47
2023/06/02T16:26:15z,84:f3:eb:7d:7:a8,6.01,2.0+OPENLOG+15552 MB+DS3231+BME280+PMSX003-B+PMSX003-A,93,28,55,995.40,0.05,36504,0,488,10.67,15.38,15.90,10.67,15.38,15.90,58,58,2042.74,565.12,87.74,6.52,0.41,0.00,9.88,15.54,16.34,9.88,15.54,16.34,58,58,1933.66,554.68,105.12,7.07,1.36,0.32
2023/06/02T16:28:15z,84:f3:eb:7d:7:a8,6.01,2.0+OPENLOG+15552 MB+DS3231+BME280+PMSX003-B+PMSX003-A,93,28,55,995.40,0.05,36504,0,608,10.00,14.59,15.90,10.00,14.59,15.90,56,56,1911.31,533.00,103.91,6.10,1.79,0.28,10.14,14.20,15.32,10.14,14.20,15.32,55,55,2000.08,571.92,76.86,6.75,1.59,0.95
2023/06/02T16:30:15z,84:f3:eb:7d:7:a8,6.01,2.0+OPENLOG+15552 MB+DS3231+BME280+PMSX003-B+PMSX003-A,93,28,55,995.33,0.05,36504,0,728,10.43,14.36,16.66,10.43,14.36,16.66,56,56,1949.95,548.00,83.45,10.11,2.32,1.07,10.00,13.59,14.64,10.00,13.59,14.64,54,54,1912.45,544.26,78.69,5.45,1.69,0.38
2023/06/02T16:32:15z,84:f3:eb:7d:7:a8,6.01,2.0+OPENLOG+15552 MB+DS3231+BME280+PMSX003-B+PMSX003-A,94,27,55,995.30,0.05,36504,0,848,8.57,12.10,12.66,8.57,12.10,12.66,51,51,1646.28,455.79,80.00,3.69,0.72,0.31,9.44,12.41,12.75,9.44,12.41,12.75,52,52,1820.19,510.46,64.98,3.29,0.20,0.20
2023/06/02T16:34:15z,84:f3:eb:7d:7:a8,6.01,2.0+OPENLOG+15552 MB+DS3231+BME280+PMSX003-B+PMSX003-A,93,27,54,995.34,0.05,36504,0,968,9.25,12.15,12.97,9.25,12.15,12.97,51,51,1694.35,479.85,75.20,4.67,0.97,0.00,8.47,11.42,13.84,8.47,11.42,13.84,48,48,1631.13,470.27,67.82,4.76,3.45,2.22
2023/06/02T16:36:15z,84:f3:eb:7d:7:a8,6.01,2.0+OPENLOG+15552 MB+DS3231+BME280+PMSX003-B+PMSX003-A,93,27,54,995.28,0.05,36504,0,1088,8.60,11.12,12.21,8.60,11.12,12.21,46,46,1688.38,453.00,70.31,3.90,1.48,0.00,9.05,14.62,14.95,9.05,14.62,14.95,56,56,1834.91,513.26,87.03,6.72,0.59,0.28
2023/06/02T16:38:15z,84:f3:eb:7d:7:a8,6.01,2.0+OPENLOG+15552 MB+DS3231+BME280+PMSX003-B+PMSX003-A,93,27,54,995.28,0.05,36504,0,1208,9.16,12.29,13.75,9.16,12.29,13.75,51,51,1815.65,500.76,70.84,4.18,1.31,1.31,9.98,13.85,15.25,9.98,13.85,15.25,55,55,1881.46,541.41,80.42,6.31,2.47,0.51
2023/06/02T16:40:24z,84:f3:eb:7d:7:a8,6.01,2.0+OPENLOG+15552 MB+DS3231+BME280+PMSX003-B+PMSX003-A,94,27,55,995.27,nan,36656,0,127,9.33,12.24,13.19,9.33,12.24,13.19,51,51,1719.64,493.81,72.36,5.05,0.24,0.00,8.68,12.25,12.77,8.68,12.25,12.77,51,51,1710.53,480.70,79.03,5.90,1.00,0.00
2023/06/02T16:42:24z,84:f3:eb:7d:7:a8,6.01,2.0+OPENLOG+15552 MB+DS3231+BME280+PMSX003-B+PMSX003-A,95,26,55,995.32,0.05,36568,0,247,8.27,11.49,11.89,8.27,11.49,11.89,48,48,1690.80,468.18,68.91,3.35,0.40,0.40,9.45,13.52,14.63,9.45,13.52,14.63,54,54,1811.15,517.72,83.87,5.00,1.90,0.33
2023/06/02T16:44:24z,84:f3:eb:7d:7:a8,6.01,2.0+OPENLOG+15552 MB+DS3231+BME280+PMSX003-B+PMSX003-A,96,26,55,995.30,0.05,36568,0,367,8.73,12.52,13.22,8.73,12.52,13.22,52,52,1752.05,481.23,80.10,5.43,0.50,0.17,9.38,12.68,13.36,9.38,12.68,13.36,52,52,1799.52,507.84,61.12,3.61,1.07,0.39
2023/06/02T16:46:24z,84:f3:eb:7d:7:a8,6.01,2.0+OPENLOG+15552 MB+DS3231+BME280+PMSX003-B+PMSX003-A,96,25,55,995.30,0.05,36504,0,487,9.00,12.85,14.49,9.00,12.85,14.49,53,53,1825.42,507.83,77.73,7.32,1.86,1.42,9.38,12.61,13.23,9.38,12.61,13.23,52,52,1825.12,507.07,73.66,4.46,0.93,0.00
2023/06/02T16:48:24z,84:f3:eb:7d:7:a8,6.01,2.0+OPENLOG+15552 MB+DS3231+BME280+PMSX003-B+PMSX003-A,95,25,54,995.24,0.05,36504,0,607,9.09,12.81,14.11,9.09,12.81,14.11,52,52,1787.68,496.65,81.39,5.51,1.51,0.49,9.45,13.24,14.91,9.45,13.24,14.91,53,53,1811.02,515.05,66.72,7.00,2.48,1.10
2023/06/02T16:50:24z,84:f3:eb:7d:7:a8,6.01,2.0+OPENLOG+15552 MB+DS3231+BME280+PMSX003-B+PMSX003-A,96,25,55,995.26,0.05,36504,0,727,9.58,13.07,15.31,9.58,13.07,15.31,53,53,1820.29,511.44,84.33,6.07,2.76,1.45,9.92,13.15,14.18,9.92,13.15,14.18,53,53,1858.05,530.15,77.38,4.03,1.43,0.63
2023/06/02T16:52:24z,84:f3:eb:7d:7:a8,6.01,2.0+OPENLOG+15552 MB+DS3231+BME280+PMSX003-B+PMSX003-A,97,24,54,995.24,0.05,36504,0,847,8.57,11.67,12.59,8.57,11.67,12.59,49,49,1691.38,464.33,68.07,4.48,1.31,0.00,9.90,13.24,14.62,9.90,13.24,14.62,53,53,1859.59,538.38,80.66,4.62,1.72,0.79
2023/06/02T16:54:24z,84:f3:eb:7d:7:a8,6.01,2.0+OPENLOG+15552 MB+DS3231+BME280+PMSX003-B+PMSX003-A,96,25,54,995.20,0.05,36504,0,967,8.73,12.56,13.76,8.73,12.56,13.76,52,52,1706.85,477.44,76.37,4.20,1.83,1.36,9.02,12.20,12.98,9.02,12.20,12.98,51,51,1755.64,499.05,61.00,3.64,1.54,0.00
2023/06/02T16:56:24z,84:f3:eb:7d:7:a8,6.01,2.0+OPENLOG+15552 MB+DS3231+BME280+PMSX003-B+PMSX003-A,97,25,55,995.18,0.05,36504,0,1087,10.08,14.49,15.02,10.08,14.49,15.02,56,56,1922.03,535.93,82.14,6.24,0.88,0.00,10.60,13.51,13.81,10.60,13.51,13.81,54,54,1955.63,562.23,65.95,3.65,0.53,0.00
2023/06/02T16:58:24z,84:f3:eb:7d:7:a8,6.01,2.0+OPENLOG+15552 MB+DS3231+BME280+PMSX003-B+PMSX003-A,95,26,55,995.21,0.05,36504,0,1207,10.91,14.84,15.11,10.91,14.84,15.11,57,57,1978.42,555.44,83.88,4.60,0.49,0.00,11.58,15.49,16.68,11.58,15.49,16.68,58,58,2125.68,602.47,79.71,6.03,1.63,0.75
2023/06/02T17:00:32z,84:f3:eb:7d:7:a8,6.01,2.0+OPENLOG+15552 MB+DS3231+BME280+PMSX003-B+PMSX003-A,92,27,54,995.17,nan,36656,0,127,10.60,14.48,15.05,10.60,14.48,15.05,56,56,2077.50,581.29,74.55,5.10,0.05,0.00,11.62,15.23,15.40,11.62,15.23,15.40,58,58,2088.60,602.62,81.47,3.45,0.25,0.25
2023/06/02T17:02:32z,84:f3:eb:7d:7:a8,6.01,2.0+OPENLOG+15552 MB+DS3231+BME280+PMSX003-B+PMSX003-A,93,27,54,995.15,0.05,36504,0,247,10.04,13.39,14.73,10.04,13.39,14.73,54,54,1920.16,527.05,70.02,5.61,1.71,0.79,11.50,15.90,16.64,11.50,15.90,16.64,59,59,2126.28,602.55,88.83,4.24,1.10,0.48
2023/06/02T17:04:32z,84:f3:eb:7d:7:a8,6.01,2.0+OPENLOG+15552 MB+DS3231+BME280+PMSX003-B+PMSX003-A,93,27,55,995.18,0.05,36504,0,367,10.90,14.73,15.97,10.90,14.73,15.97,57,57,2110.93,581.54,82.42,5.53,1.15,0.78,11.11,16.42,17.09,11.11,16.42,17.09,60,60,2084.89,596.68,91.86,9.96,0.98,0.00
2023/06/02T17:06:32z,84:f3:eb:7d:7:a8,6.01,2.0+OPENLOG+15552 MB+DS3231+BME280+PMSX003-B+PMSX003-A,94,27,55,995.16,0.05,36504,0,487,10.46,14.75,16.64,10.46,14.75,16.64,57,57,2039.44,562.20,94.92,6.27,2.24,1.12,11.51,15.44,15.93,11.51,15.44,15.93,58,58,2120.84,592.16,91.74,3.51,0.74,0.35
2023/06/02T17:08:32z,84:f3:eb:7d:7:a8,6.01,2.0+OPENLOG+15552 MB+DS3231+BME280+PMSX003-B+PMSX003-A,92,28,54,995.13,0.05,36504,0,607,11.14,15.18,16.30,11.14,15.18,16.30,57,57,2015.52,572.16,87.29,5.79,1.36,0.64,11.55,15.48,15.71,11.55,15.48,15.71,58,58,2073.47,593.33,77.26,5.28,0.45,0.00
2023/06/02T17:10:32z,84:f3:eb:7d:7:a8,6.01,2.0+OPENLOG+15552 MB+DS3231+BME280+PMSX003-B+PMSX003-A,93,27,54,995.12,0.05,36504,0,727,9.15,13.29,14.27,9.15,13.29,14.27,54,54,1782.27,498.91,83.67,6.04,1.02,0.00,9.64,13.39,14.78,9.64,13.39,14.78,54,54,1870.02,526.95,74.83,5.81,2.34,0.44
2023/06/02T17:12:32z,84:f3:eb:7d:7:a8,6.01,2.0+OPENLOG+15552 MB+DS3231+BME280+PMSX003-B+PMSX003-A,93,27,55,995.17,0.05,36504,0,847,10.00,13.52,13.73,10.00,13.52,13.73,54,54,1940.85,529.68,74.22,3.93,0.00,0.00,11.04,14.70,15.32,11.04,14.70,15.32,56,56,1982.47,565.39,83.56,5.89,1.05,0.00
2023/06/02T17:14:32z,84:f3:eb:7d:7:a8,6.01,2.0+OPENLOG+15552 MB+DS3231+BME280+PMSX003-B+PMSX003-A,94,27,55,995.12,0.05,36504,0,967,10.90,14.85,15.73,10.90,14.85,15.73,57,57,2074.40,573.88,83.82,4.50,1.27,0.17,10.61,14.05,16.46,10.61,14.05,16.46,55,55,1981.61,554.32,80.91,7.36,3.57,1.71
2023/06/02T17:16:32z,84:f3:eb:7d:7:a8,6.01,2.0+OPENLOG+15552 MB+DS3231+BME280+PMSX003-B+PMSX003-A,93,27,54,995.16,0.05,36504,0,1087,11.59,16.50,17.77,11.59,16.50,17.77,60,60,2151.86,607.91,99.82,6.82,1.39,1.11,11.35,15.42,16.54,11.35,15.42,16.54,58,58,2123.84,596.46,81.74,6.91,2.00,0.49
2023/06/02T17:18:32z,84:f3:eb:7d:7:a8,6.01,2.0+OPENLOG+15552 MB+DS3231+BME280+PMSX003-B+PMSX003-A,94,26,54,995.14,0.05,36504,0,1207,10.98,16.24,16.60,10.98,16.24,16.60,60,60,2111.29,586.27,100.33,6.51,0.07,0.00,10.85,14.75,16.03,10.85,14.75,16.03,57,57,1998.66,566.31,85.10,4.64,1.53,1.19
2023/06/02T17:20:39z,84:f3:eb:7d:7:a8,6.01,2.0+OPENLOG+15552 MB+DS3231+BME280+PMSX003-B+PMSX003-A,95,26,55,995.22,nan,36656,0,127,10.00,13.86,15.09,10.00,13.86,15.09,55,55,1954.19,541.16,81.95,6.14,1.81,0.70,10.98,14.55,15.25,10.98,14.55,15.25,56,56,2071.27,585.50,76.30,5.05,1.15,1.15
2023/06/02T17:22:39z,84:f3:eb:7d:7:a8,6.01,2.0+OPENLOG+15552 MB+DS3231+BME280+PMSX003-B+PMSX003-A,94,27,54,995.19,0.05,36568,0,247,10.66,14.88,16.57,10.66,14.88,16.57,57,57,2007.27,572.39,93.36,7.11,1.43,0.18,10.69,13.93,14.76,10.69,13.93,14.76,55,55,2030.43,570.78,71.45,4.66,1.48,0.17
2023/06/02T17:24:39z,84:f3:eb:7d:7:a8,6.01,2.0+OPENLOG+15552 MB+DS3231+BME280+PMSX003-B+PMSX003-A,95,26,55,995.19,0.05,36504,0,367,9.33,12.98,15.08,9.33,12.98,15.08,53,53,1829.20,513.77,81.55,6.87,2.67,0.67,9.79,13.18,13.54,9.79,13.18,13.54,53,53,1846.74,524.28,67.25,5.68,0.74,0.00
2023/06/02T17:26:39z,84:f3:eb:7d:7:a8,6.01,2.0+OPENLOG+15552 MB+DS3231+BME280+PMSX003-B+PMSX003-A,95,26,55,995.14,0.05,36504,0,487,9.59,12.86,13.53,9.59,12.86,13.53,53,53,1811.03,504.34,76.25,4.19,0.44,0.00,9.89,12.71,13.93,9.89,12.71,13.93,52,52,1856.13,513.84,79.24,3.82,1.93,0.44
2023/06/02T17:28:39z,84:f3:eb:7d:7:a8,6.01,2.0+OPENLOG+15552 MB+DS3231+BME280+PMSX003-B+PMSX003-A,96,25,55,995.10,0.05,36504,0,607,9.69,14.76,16.14,9.69,14.76,16.14,57,57,1926.57,540.22,93.38,6.97,1.97,0.45,10.68,12.88,13.05,10.68,12.88,13.05,53,53,1865.85,536.13,63.30,1.67,0.33,0.00
2023/06/02T17:30:39z,84:f3:eb:7d:7:a8,6.01,2.0+OPENLOG+15552 MB+DS3231+BME280+PMSX003-B+PMSX003-A,97,25,55,995.11,0.05,36504,0,727,9.71,13.54,15.48,9.71,13.54,15.48,54,54,1926.16,542.20,82.75,6.64,1.96,1.29,10.90,16.07,16.95,10.90,16.07,16.95,59,59,2070.97,600.19,91.80,6.24,1.49,0.64
2023/06/02T17:32:39z,84:f3:eb:7d:7:a8,6.01,2.0+OPENLOG+15552 MB+DS3231+BME280+PMSX003-B+PMSX003-A,98,24,55,995.13,0.05,36504,0,847,9.53,12.53,14.18,9.53,12.53,14.18,52,52,1864.11,514.30,74.40,5.26,2.18,1.23,9.57,14.54,16.00,9.57,14.54,16.00,56,56,1853.73,526.43,90.02,6.45,2.32,0.86
2023/06/02T17:34:39z,84:f3:eb:7d:7:a8,6.01,2.0+OPENLOG+15552 MB+DS3231+BME280+PMSX003-B+PMSX003-A,99,23,55,995.27,0.05,36504,0,967,9.14,12.33,13.36,9.14,12.33,13.36,51,51,1753.50,485.97,67.90,4.10,1.66,0.90,9.64,13.38,14.30,9.64,13.38,14.30,54,54,1772.30,511.11,72.05,7.32,1.75,0.00
2023/06/02T17:36:39z,84:f3:eb:7d:7:a8,6.01,2.0+OPENLOG+15552 MB+DS3231+BME280+PMSX003-B+PMSX003-A,99,22,54,995.06,0.05,36504,0,1087,8.12,11.46,13.35,8.12,11.46,13.35,48,48,1632.58,447.86,65.47,7.86,2.14,0.39,9.57,12.86,13.45,9.57,12.86,13.45,53,53,1716.05,489.81,71.45,5.41,1.17,0.00
2023/06/02T17:38:39z,84:f3:eb:7d:7:a8,6.01,2.0+OPENLOG+15552 MB+DS3231+BME280+PMSX003-B+PMSX003-A,98,23,54,995.03,0.05,36504,0,1207,8.35,11.73,12.31,8.35,11.73,12.31,49,49,1730.62,465.27,66.58,3.96,0.55,0.00,10.02,12.97,13.31,10.02,12.97,13.31,53,53,1802.69,518.57,69.86,3.97,0.45,0.00
2023/06/02T17:40:48z,84:f3:eb:7d:7:a8,6.01,2.0+OPENLOG+15552 MB+DS3231+BME280+PMSX003-B+PMSX003-A,98,23,55,995.05,nan,36656,0,127,8.77,12.53,13.79,8.77,12.53,13.79,52,52,1718.86,478.86,79.84,6.60,1.67,0.37,9.77,13.20,13.82,9.77,13.20,13.82,53,53,1910.55,534.25,70.45,3.95,0.90,0.70
2023/06/02T17:42:48z,84:f3:eb:7d:7:a8,6.01,2.0+OPENLOG+15552 MB+DS3231+BME280+PMSX003-B+PMSX003-A,99,23,55,994.96,0.05,36568,0,247,8.18,11.65,12.35,8.18,11.65,12.35,49,49,1724.78,470.96,73.65,2.62,0.80,0.25,9.07,11.62,12.41,9.07,11.62,12.41,48,48,1683.67,470.59,59.74,3.79,1.48,0.17
2023/06/02T17:44:48z,84:f3:eb:7d:7:a8,6.01,2.0+OPENLOG+15552 MB+DS3231+BME280+PMSX003-B+PMSX003-A,100,23,55,994.92,0.05,36568,0,367,8.40,11.83,13.25,8.40,11.83,13.25,49,49,1682.80,471.67,64.78,7.57,1.57,0.80,9.33,12.53,13.28,9.33,12.53,13.28,52,52,1769.95,497.65,73.53,3.12,0.95,0.95
2023/06/02T17:46:48z,84:f3:eb:7d:7:a8,6.01,2.0+OPENLOG+15552 MB+DS3231+BME280+PMSX003-B+PMSX003-A,98,22,52,993.08,0.05,36568,0,487,9.34,12.44,13.46,9.34,12.44,13.46,52,52,1731.41,487.27,66.78,5.46,1.12,0.78,8.45,10.75,12.02,8.45,10.75,12.02,45,45,1643.79,460.14,62.20,5.07,1.89,0.07
2023/06/02T17:48:48z,84:f3:eb:7d:7:a8,6.01,2.0+OPENLOG+15552 MB+DS3231+BME280+PMSX003-B+PMSX003-A,100,22,54,994.89,0.05,36568,0,607,8.54,11.74,11.86,8.54,11.74,11.86,49,49,1672.11,457.54,65.32,3.96,0.21,0.21,8.25,11.65,12.98,8.25,11.65,12.98,49,49,1682.60,470.00,69.15,4.93,2.17,0.87
2023/06/02T17:50:48z,84:f3:eb:7d:7:a8,6.01,2.0+OPENLOG+15552 MB+DS3231+BME280+PMSX003-B+PMSX003-A,100,22,54,994.88,0.05,36568,0,727,8.09,11.25,12.27,8.09,11.25,12.27,47,47,1608.16,451.12,58.36,5.82,1.29,0.75,8.07,10.80,12.05,8.07,10.80,12.05,45,45,1496.49,430.41,59.44,4.34,2.07,0.47
2023/06/02T17:52:48z,84:f3:eb:7d:7:a8,6.01,2.0+OPENLOG+15552 MB+DS3231+BME280+PMSX003-B+PMSX003-A,101,21,54,994.90,0.05,36504,0,847,6.93,9.97,10.42,6.93,9.97,10.42,42,42,1420.53,389.83,63.39,3.73,0.51,0.00,8.14,10.54,11.18,8.14,10.54,11.18,44,44,1526.16,445.07,57.84,4.11,0.81,0.46
2023/06/02T17:54:48z,84:f3:eb:7d:7:a8,6.01,2.0+OPENLOG+15552 MB+DS3231+BME280+PMSX003-B+PMSX003-A,101,21,54,994.92,0.05,36504,0,967,8.76,12.29,12.84,8.76,12.29,12.84,51,51,1750.50,478.43,74.26,4.21,0.45,0.00,8.65,12.09,13.30,8.65,12.09,13.30,50,50,1683.58,461.74,70.42,5.89,1.72,0.53
2023/06/02T17:56:48z,84:f3:eb:7d:7:a8,6.01,2.0+OPENLOG+15552 MB+DS3231+BME280+PMSX003-B+PMSX003-A,102,21,55,994.88,0.04,36504,0,1087,8.47,11.54,12.95,8.47,11.54,12.95,48,48,1677.00,467.44,62.84,5.44,1.51,0.70,8.50,11.19,11.52,8.50,11.19,11.52,47,47,1697.90,477.21,64.79,3.79,0.62,0.00
2023/06/02T17:58:48z,84:f3:eb:7d:7:a8,6.01,2.0+OPENLOG+15552 MB+DS3231+BME280+PMSX003-B+PMSX003-A,101,21,54,994.94,0.04,36504,0,1207,8.27,11.66,12.61,8.27,11.66,12.61,49,49,1582.98,439.11,72.36,6.07,0.96,0.04,8.84,11.40,12.53,8.84,11.40,12.53,47,47,1637.17,466.41,61.62,4.38,1.62,0.90
2023/06/02T18:00:56z,84:f3:eb:7d:7:a8,6.01,2.0+OPENLOG+15552 MB+DS3231+BME280+PMSX003-B+PMSX003-A,101,21,54,994.91,nan,36656,0,127,7.49,10.49,11.42,7.49,10.49,11.42,44,44,1504.40,407.26,74.51,3.58,1.26,0.60,7.59,10.07,11.22,7.59,10.07,11.22,42,42,1482.73,425.37,52.56,4.39,1.95,0.54
2023/06/02T18:02:56z,84:f3:eb:7d:7:a8,6.01,2.0+OPENLOG+15552 MB+DS3231+BME280+PMSX003-B+PMSX003-A,100,21,54,994.85,0.04,36568,0,247,7.72,10.53,10.79,7.72,10.53,10.79,44,44,1541.05,427.19,58.39,1.65,0.35,0.35,7.90,10.71,11.66,7.90,10.71,11.66,45,45,1550.64,443.47,60.09,5.31,1.69,0.00
2023/06/02T18:04:56z,84:f3:eb:7d:7:a8,6.01,2.0+OPENLOG+15552 MB+DS3231+BME280+PMSX003-B+PMSX003-A,100,21,53,994.83,0.04,36568,0,367,7.64,10.59,12.00,7.64,10.59,12.00,44,44,1638.97,438.88,63.51,5.12,1.86,0.34,8.54,12.21,13.43,8.54,12.21,13.43,51,51,1692.54,464.54,70.29,6.07,1.79,1.14
2023/06/02T18:06:56z,84:f3:eb:7d:7:a8,6.01,2.0+OPENLOG+15552 MB+DS3231+BME280+PMSX003-B+PMSX003-A,98,23,54,994.87,0.04,36568,0,487,8.88,11.71,12.47,8.88,11.71,12.47,49,49,1634.29,463.75,72.88,3.63,0.44,0.44,8.60,11.60,12.88,8.60,11.60,12.88,48,48,1629.10,454.22,71.66,6.10,2.07,0.34
2023/06/02T18:08:56z,84:f3:eb:7d:7:a8,6.01,2.0+OPENLOG+15552 MB+DS3231+BME280+PMSX003-B+PMSX003-A,98,23,54,994.87,0.05,36568,0,607,8.52,11.98,12.57,8.52,11.98,12.57,50,50,1732.55,475.11,66.70,4.00,0.79,0.00,9.43,13.41,14.70,9.43,13.41,14.70,54,54,1823.79,516.30,79.70,6.93,1.82,0.50
2023/06/02T18:10:56z,84:f3:eb:7d:7:a8,6.01,2.0+OPENLOG+15552 MB+DS3231+BME280+PMSX003-B+PMSX003-A,98,23,53,994.84,0.05,36568,0,727,7.73,11.21,12.29,7.73,11.21,12.29,47,47,1593.32,441.18,79.09,4.18,1.07,0.93,8.62,12.74,13.90,8.62,12.74,13.90,52,52,1751.33,498.40,78.62,3.41,1.86,0.55
2023/06/02T18:12:56z,84:f3:eb:7d:7:a8,6.01,2.0+OPENLOG+15552 MB+DS3231+BME280+PMSX003-B+PMSX003-A,99,22,53,994.86,0.04,36568,0,847,8.25,11.63,13.58,8.25,11.63,13.58,48,48,1775.58,481.72,63.49,7.82,2.74,0.91,8.55,10.91,11.91,8.55,10.91,11.91,45,45,1668.16,458.97,62.21,3.90,1.66,0.00
2023/06/02T18:14:56z,84:f3:eb:7d:7:a8,6.01,2.0+OPENLOG+15552 MB+DS3231+BME280+PMSX003-B+PMSX003-A,98,22,53,993.88,0.05,36568,0,967,8.97,12.34,13.09,8.97,12.34,13.09,52,52,1761.10,490.22,68.40,4.14,0.86,0.86,9.95,13.59,13.77,9.95,13.59,13.77,54,54,1822.07,515.59,76.71,4.79,0.07,0.00
2023/06/02T18:16:56z,84:f3:eb:7d:7:a8,6.01,2.0+OPENLOG+15552 MB+DS3231+BME280+PMSX003-B+PMSX003-A,101,21,54,994.87,0.04,36568,0,1087,8.67,12.28,12.88,8.67,12.28,12.88,51,51,1749.05,484.28,69.12,4.62,0.62,0.00,8.84,12.67,13.38,8.84,12.67,13.38,52,52,1704.83,463.19,72.76,6.10,0.93,0.48
2023/06/02T18:18:56z,84:f3:eb:7d:7:a8,6.01,2.0+OPENLOG+15552 MB+DS3231+BME280+PMSX003-B+PMSX003-A,101,21,54,994.87,0.04,36568,0,1207,8.55,12.12,14.04,8.55,12.12,14.04,51,51,1707.38,472.55,70.39,6.02,1.96,1.14,8.54,11.68,12.19,8.54,11.68,12.19,49,49,1709.44,469.69,64.83,4.88,0.98,0.03
2023/06/02T18:21:03z,84:f3:eb:7d:7:a8,6.01,2.0+OPENLOG+15552 MB+DS3231+BME280+PMSX003-B+PMSX003-A,100,21,53,994.81,nan,36656,0,126,7.81,11.10,12.14,7.81,11.10,12.14,46,46,1622.64,445.62,69.57,5.10,0.52,0.52,9.34,13.10,13.76,9.34,13.10,13.76,53,53,1848.00,519.32,83.66,5.66,0.98,0.24
2023/06/02T18:23:03z,84:f3:eb:7d:7:a8,6.01,2.0+OPENLOG+15552 MB+DS3231+BME280+PMSX003-B+PMSX003-A,99,21,53,994.83,0.04,36568,0,246,8.51,12.63,14.68,8.51,12.63,14.68,52,52,1665.53,469.74,79.84,8.70,3.33,0.98,9.44,13.00,13.93,9.44,13.00,13.93,53,53,1795.98,510.68,66.20,4.51,1.42,0.75
2023/06/02T18:25:03z,84:f3:eb:7d:7:a8,6.01,2.0+OPENLOG+15552 MB+DS3231+BME280+PMSX003-B+PMSX003-A,98,22,52,994.80,0.04,36568,0,366,9.56,14.31,15.51,9.56,14.31,15.51,56,56,1854.36,515.54,82.75,5.66,1.29,0.78,9.64,13.79,13.98,9.64,13.79,13.98,55,55,1876.12,532.32,78.34,3.91,0.39,0.00
2023/06/02T18:27:03z,84:f3:eb:7d:7:a8,6.01,2.0+OPENLOG+15552 MB+DS3231+BME280+PMSX003-B+PMSX003-A,96,21,50,991.88,0.04,36504,0,486,9.51,12.56,14.14,9.51,12.56,14.14,52,52,1796.64,496.98,65.58,6.27,2.03,1.29,8.72,11.61,12.56,8.72,11.61,12.56,48,48,1737.84,498.39,65.70,4.63,1.61,0.35
2023/06/02T18:29:03z,84:f3:eb:7d:7:a8,6.01,2.0+OPENLOG+15552 MB+DS3231+BME280+PMSX003-B+PMSX003-A,100,21,53,994.84,0.04,36504,0,606,8.55,12.31,13.07,8.55,12.31,13.07,51,51,1783.55,485.17,76.05,4.34,0.97,0.00,9.81,13.45,14.79,9.81,13.45,14.79,54,54,1868.59,522.78,76.38,7.31,2.03,1.34
2023/06/02T18:31:03z,84:f3:eb:7d:7:a8,6.01,2.0+OPENLOG+15552 MB+DS3231+BME280+PMSX003-B+PMSX003-A,98,22,52,994.85,0.04,36504,0,726,9.27,13.25,14.47,9.27,13.25,14.47,53,53,1775.07,497.60,82.60,7.53,1.49,1.13,9.55,12.98,13.98,9.55,12.98,13.98,53,53,1826.74,504.79,76.40,5.52,1.48,0.66
2023/06/02T18:33:03z,84:f3:eb:7d:7:a8,6.01,2.0+OPENLOG+15552 MB+DS3231+BME280+PMSX003-B+PMSX003-A,96,23,52,994.80,0.04,36504,0,846,8.68,11.84,13.00,8.68,11.84,13.00,49,49,1703.89,473.82,67.63,4.32,1.75,0.21,9.71,12.97,13.95,9.71,12.97,13.95,53,53,1869.31,525.64,73.03,5.76,0.97,0.38
2023/06/02T18:35:03z,84:f3:eb:7d:7:a8,6.01,2.0+OPENLOG+15552 MB+DS3231+BME280+PMSX003-B+PMSX003-A,96,23,53,994.81,0.04,36504,0,966,9.17,12.33,12.78,9.17,12.33,12.78,51,51,1759.60,490.84,74.62,2.76,0.59,0.59,9.91,13.27,14.11,9.91,13.27,14.11,53,53,1844.62,526.55,73.12,4.45,1.36,0.36
2023/06/02T18:37:03z,84:f3:eb:7d:7:a8,6.01,2.0+OPENLOG+15552 MB+DS3231+BME280+PMSX003-B+PMSX003-A,96,24,53,994.82,0.04,36504,0,1086,9.18,13.52,14.02,9.18,13.52,14.02,54,54,1753.39,491.16,78.89,6.75,0.29,0.14,9.26,12.66,13.62,9.26,12.66,13.62,52,52,1744.50,499.40,70.64,4.72,1.21,0.69
2023/06/02T18:39:03z,84:f3:eb:7d:7:a8,6.01,2.0+OPENLOG+15552 MB+DS3231+BME280+PMSX003-B+PMSX003-A,97,23,54,994.77,0.05,36504,0,1206,8.70,13.21,13.98,8.70,13.21,13.98,53,53,1714.89,484.14,74.42,6.28,1.02,0.81,9.41,12.88,14.15,9.41,12.88,14.15,53,53,1788.46,493.29,72.86,6.00,1.86,0.68
2023/06/02T18:41:11z,84:f3:eb:7d:7:a8,6.01,2.0+OPENLOG+15552 MB+DS3231+BME280+PMSX003-B+PMSX003-A,97,23,54,994.82,nan,36656,0,127,8.43,11.98,13.33,8.43,11.98,13.33,50,50,1715.00,454.64,73.86,6.10,1.29,0.67,9.83,12.78,13.34,9.83,12.78,13.34,52,52,1851.51,522.90,67.73,3.85,0.93,0.00
2023/06/02T18:43:11z,84:f3:eb:7d:7:a8,6.01,2.0+OPENLOG+15552 MB+DS3231+BME280+PMSX003-B+PMSX003-A,99,23,54,994.77,0.05,36568,0,247,9.25,13.09,14.86,9.25,13.09,14.86,53,53,1798.61,500.25,73.12,7.68,2.00,0.00,9.84,13.30,14.95,9.84,13.30,14.95,54,54,1881.95,528.58,73.84,6.21,2.70,0.46
2023/06/02T18:45:11z,84:f3:eb:7d:7:a8,6.01,2.0+OPENLOG+15552 MB+DS3231+BME280+PMSX003-B+PMSX003-A,99,22,53,994.41,0.05,36504,0,367,9.36,13.31,14.67,9.36,13.31,14.67,54,54,1764.16,493.16,86.22,6.45,1.34,0.83,9.89,13.84,14.18,9.89,13.84,14.18,55,55,1873.39,532.75,79.29,3.68,0.61,0.00
2023/06/02T18:47:11z,84:f3:eb:7d:7:a8,6.01,2.0+OPENLOG+15552 MB+DS3231+BME280+PMSX003-B+PMSX003-A,99,22,53,994.81,0.04,36504,0,487,9.34,13.38,14.53,9.34,13.38,14.53,54,54,1794.67,504.47,80.09,7.48,1.14,0.28,8.89,13.25,13.47,8.89,13.25,13.47,53,53,1832.79,515.26,71.53,6.81,0.46,0.00
2023/06/02T18:49:11z,84:f3:eb:7d:7:a8,6.01,2.0+OPENLOG+15552 MB+DS3231+BME280+PMSX003-B+PMSX003-A,96,23,52,994.84,0.04,36504,0,607,8.40,12.19,13.07,8.40,12.19,13.07,51,51,1679.89,456.86,74.61,5.12,0.98,0.70,9.66,13.22,14.09,9.66,13.22,14.09,53,53,1871.53,520.48,71.97,4.93,1.48,0.34
2023/06/02T18:51:11z,84:f3:eb:7d:7:a8,6.01,2.0+OPENLOG+15552 MB+DS3231+BME280+PMSX003-B+PMSX003-A,100,22,54,994.77,0.04,36504,0,727,7.96,12.02,13.32,7.96,12.02,13.32,50,50,1685.95,465.77,77.52,5.14,1.82,0.89,9.21,14.17,15.16,9.21,14.17,15.16,55,55,1772.43,501.40,84.03,6.66,1.45,1.03
2023/06/02T18:53:11z,84:f3:eb:7d:7:a8,6.01,2.0+OPENLOG+15552 MB+DS3231+BME280+PMSX003-B+PMSX003-A,100,22,54,994.82,0.04,36504,0,847,8.52,11.74,12.53,8.52,11.74,12.53,49,49,1659.21,468.16,69.45,3.90,1.17,0.10,8.90,13.05,14.02,8.90,13.05,14.02,53,53,1714.76,498.53,76.41,5.86,1.66,0.52
2023/06/02T18:55:11z,84:f3:eb:7d:7:a8,6.01,2.0+OPENLOG+15552 MB+DS3231+BME280+PMSX003-B+PMSX003-A,98,22,53,994.74,0.04,36504,0,967,9.17,13.54,13.69,9.17,13.54,13.69,54,54,1782.56,507.12,74.54,7.29,0.00,0.00,8.93,12.38,14.45,8.93,12.38,14.45,52,52,1829.78,512.67,73.29,7.24,3.31,1.64
2023/06/02T18:57:11z,84:f3:eb:7d:7:a8,6.01,2.0+OPENLOG+15552 MB+DS3231+BME280+PMSX003-B+PMSX003-A,99,21,53,994.74,0.04,36504,0,1087,8.96,12.91,13.54,8.96,12.91,13.54,53,53,1746.16,480.05,68.70,7.40,0.46,0.00,9.00,12.02,13.07,9.00,12.02,13.07,50,50,1717.42,484.09,66.51,4.77,1.68,0.39
2023/06/02T18:59:11z,84:f3:eb:7d:7:a8,6.01,2.0+OPENLOG+15552 MB+DS3231+BME280+PMSX003-B+PMSX003-A,101,21,55,994.76,0.04,36504,0,1207,8.63,12.14,13.26,8.63,12.14,13.26,51,51,1698.74,472.02,76.95,4.74,1.40,0.00,9.35,13.72,14.30,9.35,13.72,14.30,54,54,1831.05,509.42,79.80,5.40,1.03,0.00
2023/06/02T19:01:19z,84:f3:eb:7d:7:a8,6.01,2.0+OPENLOG+15552 MB+DS3231+BME280+PMSX003-B+PMSX003-A,102,20,54,994.80,nan,36656,0,127,8.29,12.49,13.44,8.29,12.49,13.44,52,52,1601.05,461.54,79.29,6.24,1.46,0.10,9.31,13.56,14.21,9.31,13.56,14.21,54,54,1754.15,489.18,81.36,8.51,1.08,0.05
2023/06/02T19:03:19z,84:f3:eb:7d:7:a8,6.01,2.0+OPENLOG+15552 MB+DS3231+BME280+PMSX003-B+PMSX003-A,101,21,54,994.74,0.04,36568,0,247,8.58,12.53,14.37,8.58,12.53,14.37,52,52,1702.53,476.74,78.56,8.04,2.42,1.19,8.54,12.22,12.44,8.54,12.22,12.44,51,51,1709.64,462.59,69.98,5.97,0.34,0.00
2023/06/02T19:05:19z,84:f3:eb:7d:7:a8,6.01,2.0+OPENLOG+15552 MB+DS3231+BME280+PMSX003-B+PMSX003-A,101,21,54,994.74,0.04,36568,0,367,9.02,11.97,12.15,9.02,11.97,12.15,50,50,1695.31,485.05,67.46,3.02,0.00,0.00,8.62,11.79,11.93,8.62,11.79,11.93,49,49,1691.64,481.53,75.29,4.34,0.28,0.00
2023/06/02T19:07:19z,84:f3:eb:7d:7:a8,6.01,2.0+OPENLOG+15552 MB+DS3231+BME280+PMSX003-B+PMSX003-A,102,21,55,994.66,0.04,36568,0,487,8.62,11.60,12.93,8.62,11.60,12.93,48,48,1661.59,463.07,65.29,4.00,1.34,0.59,8.62,11.93,12.56,8.62,11.93,12.56,50,50,1656.05,470.11,73.62,2.76,1.05,0.40
2023/06/02T19:09:19z,84:f3:eb:7d:7:a8,6.01,2.0+OPENLOG+15552 MB+DS3231+BME280+PMSX003-B+PMSX003-A,102,20,54,994.63,0.04,36568,0,607,8.30,12.14,13.38,8.30,12.14,13.38,51,51,1634.14,453.89,72.66,6.71,1.43,0.79,8.59,11.72,12.34,8.59,11.72,12.34,49,49,1694.28,473.22,65.22,3.55,0.86,0.52
2023/06/02T19:11:19z,84:f3:eb:7d:7:a8,6.01,2.0+OPENLOG+15552 MB+DS3231+BME280+PMSX003-B+PMSX003-A,101,21,54,994.62,0.04,36504,0,727,8.29,11.43,12.64,8.29,11.43,12.64,48,48,1622.89,452.29,74.07,3.96,1.57,0.54,8.63,11.55,11.55,8.63,11.55,11.55,48,48,1669.45,476.05,59.90,2.10,0.00,0.00
2023/06/02T19:13:19z,84:f3:eb:7d:7:a8,6.01,2.0+OPENLOG+15552 MB+DS3231+BME280+PMSX003-B+PMSX003-A,101,21,54,994.55,0.04,36504,0,847,7.83,11.33,12.71,7.83,11.33,12.71,47,47,1624.86,447.62,68.00,5.76,1.66,0.48,9.25,12.39,12.66,9.25,12.39,12.66,52,52,1729.98,497.05,59.09,4.64,0.29,0.00
2023/06/02T19:15:19z,84:f3:eb:7d:7:a8,6.01,2.0+OPENLOG+15552 MB+DS3231+BME280+PMSX003-B+PMSX003-A,104,20,55,994.53,0.04,36504,0,967,7.93,10.64,10.90,7.93,10.64,10.90,44,44,1582.37,425.97,56.88,3.12,0.00,0.00,7.91,11.35,12.47,7.91,11.35,12.47,47,47,1671.98,462.16,66.78,4.80,1.85,0.47
2023/06/02T19:17:19z,84:f3:eb:7d:7:a8,6.01,2.0+OPENLOG+15552 MB+DS3231+BME280+PMSX003-B+PMSX003-A,103,20,54,994.53,0.04,36504,0,1087,8.33,11.34,11.95,8.33,11.34,11.95,47,47,1631.07,449.52,65.17,4.66,0.31,0.00,8.31,11.93,12.19,8.31,11.93,12.19,50,50,1653.93,458.40,60.64,3.93,0.52,0.00
2023/06/02T19:19:19z,84:f3:eb:7d:7:a8,6.01,2.0+OPENLOG+15552 MB+DS3231+BME280+PMSX003-B+PMSX003-A,104,19,54,994.42,0.04,36504,0,1207,9.00,11.77,12.52,9.00,11.77,12.52,49,49,1770.11,489.61,58.89,3.00,0.96,0.50,8.75,11.10,11.68,8.75,11.10,11.68,46,46,1701.61,467.02,58.44,2.81,1.15,0.00
2023/06/02T19:21:26z,84:f3:eb:7d:7:a8,6.01,2.0+OPENLOG+15552 MB+DS3231+BME280+PMSX003-B+PMSX003-A,104,19,54,994.45,nan,36656,0,126,8.86,12.07,12.37,8.86,12.07,12.37,50,50,1733.79,476.77,76.58,2.09,0.47,0.00,8.83,11.73,12.54,8.83,11.73,12.54,49,49,1738.02,482.78,64.44,3.76,1.37,0.29
2023/06/02T19:23:26z,84:f3:eb:7d:7:a8,6.01,2.0+OPENLOG+15552 MB+DS3231+BME280+PMSX003-B+PMSX003-A,103,20,55,994.39,0.04,36568,0,246,8.95,12.14,12.39,8.95,12.14,12.39,51,51,1784.05,487.65,65.88,3.54,0.49,0.00,9.57,12.88,13.38,9.57,12.88,13.38,53,53,1799.53,512.21,74.86,3.72,0.86,0.00
2023/06/02T19:25:26z,84:f3:eb:7d:7:a8,6.01,2.0+OPENLOG+15552 MB+DS3231+BME280+PMSX003-B+PMSX003-A,105,19,54,994.33,0.04,36568,0,366,8.90,12.48,13.55,8.90,12.48,13.55,52,52,1804.19,493.98,73.74,6.90,1.00,0.00,9.58,12.77,13.00,9.58,12.77,13.00,52,52,1749.53,502.95,72.14,2.18,0.46,0.00
2023/06/02T19:27:26z,84:f3:eb:7d:7:a8,6.01,2.0+OPENLOG+15552 MB+DS3231+BME280+PMSX003-B+PMSX003-A,105,19,55,994.30,0.04,36568,0,486,9.49,12.80,13.80,9.49,12.80,13.80,52,52,1870.88,512.41,66.54,4.68,1.25,0.85,8.73,12.71,13.12,8.73,12.71,13.12,52,52,1754.09,490.75,76.07,4.57,0.43,0.43
2023/06/02T19:29:26z,84:f3:eb:7d:7:a8,6.01,2.0+OPENLOG+15552 MB+DS3231+BME280+PMSX003-B+PMSX003-A,105,18,53,994.26,0.04,36504,0,606,8.79,12.68,13.14,8.79,12.68,13.14,52,52,1786.26,489.54,67.05,5.65,0.67,0.14,8.45,11.60,11.93,8.45,11.60,11.93,48,48,1661.50,455.15,71.05,4.30,0.67,0.00
2023/06/02T19:31:26z,84:f3:eb:7d:7:a8,6.01,2.0+OPENLOG+15552 MB+DS3231+BME280+PMSX003-B+PMSX003-A,106,18,54,994.22,0.04,36504,0,726,9.95,13.31,14.09,9.95,13.31,14.09,54,54,1897.85,528.15,69.44,4.91,0.65,0.22,8.68,12.05,13.02,8.68,12.05,13.02,50,50,1704.00,476.64,68.17,3.76,1.73,0.00
2023/06/02T19:33:26z,84:f3:eb:7d:7:a8,6.01,2.0+OPENLOG+15552 MB+DS3231+BME280+PMSX003-B+PMSX003-A,104,19,54,994.24,0.04,36504,0,846,8.97,12.12,13.31,8.97,12.12,13.31,51,51,1797.83,493.72,70.66,5.48,0.69,0.34,9.21,11.97,12.71,9.21,11.97,12.71,50,50,1751.74,498.10,65.36,3.28,1.34,0.00
2023/06/02T19:35:26z,84:f3:eb:7d:7:a8,6.01,2.0+OPENLOG+15552 MB+DS3231+BME280+PMSX003-B+PMSX003-A,101,20,53,994.19,0.04,36504,0,966,9.95,13.55,14.45,9.95,13.55,14.45,54,54,1885.14,529.95,79.83,5.21,1.17,0.38,10.13,12.40,12.65,10.13,12.40,12.65,52,52,1874.56,522.45,61.53,1.24,0.18,0.00
2023/06/02T19:37:26z,84:f3:eb:7d:7:a8,6.01,2.0+OPENLOG+15552 MB+DS3231+BME280+PMSX003-B+PMSX003-A,103,19,53,994.17,0.04,36504,0,1086,8.96,13.42,14.18,8.96,13.42,14.18,54,54,1822.68,503.39,83.96,6.42,0.53,0.00,9.00,11.60,12.02,9.00,11.60,12.02,48,48,1771.66,487.53,58.59,2.28,0.83,0.00
2023/06/02T19:39:26z,84:f3:eb:7d:7:a8,6.01,2.0+OPENLOG+15552 MB+DS3231+BME280+PMSX003-B+PMSX003-A,101,19,52,994.17,0.04,36504,0,1206,7.85,11.36,12.65,7.85,11.36,12.65,47,47,1690.75,475.04,66.69,4.62,1.49,1.45,9.31,13.02,14.12,9.31,13.02,14.12,53,53,1788.20,506.73,71.88,6.20,1.76,0.47
2023/06/02T19:41:33z,84:f3:eb:7d:7:a8,6.01,2.0+OPENLOG+15552 MB+DS3231+BME280+PMSX003-B+PMSX003-A,105,18,53,994.10,nan,36656,0,126,8.61,12.39,12.90,8.61,12.39,12.90,52,52,1679.93,467.76,74.49,4.73,0.78,0.24,7.95,11.36,11.69,7.95,11.36,11.69,47,47,1629.69,453.28,62.33,4.77,0.51,0.00
2023/06/02T19:43:33z,84:f3:eb:7d:7:a8,6.01,2.0+OPENLOG+15552 MB+DS3231+BME280+PMSX003-B+PMSX003-A,104,17,51,994.00,0.04,36568,0,246,9.16,11.77,12.09,9.16,11.77,12.09,49,49,1810.79,486.02,67.28,1.26,0.46,0.46,9.15,12.83,13.56,9.15,12.83,13.56,53,53,1744.78,498.08,73.22,3.90,1.02,0.44
2023/06/02T19:45:33z,84:f3:eb:7d:7:a8,6.01,2.0+OPENLOG+15552 MB+DS3231+BME280+PMSX003-B+PMSX003-A,105,18,54,994.03,0.04,36568,0,366,8.86,11.83,12.38,8.86,11.83,12.38,49,49,1777.66,477.07,74.21,2.97,0.00,0.00,9.09,12.61,13.23,9.09,12.61,13.23,52,52,1735.58,491.30,62.18,5.30,0.63,0.46
2023/06/02T19:47:33z,84:f3:eb:7d:7:a8,6.01,2.0+OPENLOG+15552 MB+DS3231+BME280+PMSX003-B+PMSX003-A,106,18,54,993.96,0.04,36568,0,486,8.09,11.34,11.66,8.09,11.34,11.66,47,47,1739.84,474.66,68.28,4.83,0.38,0.00,9.29,11.82,12.25,9.29,11.82,12.25,49,49,1799.04,499.93,66.48,2.71,0.86,0.00
2023/06/02T19:49:33z,84:f3:eb:7d:7:a8,6.01,2.0+OPENLOG+15552 MB+DS3231+BME280+PMSX003-B+PMSX003-A,106,18,54,993.92,0.04,36568,0,606,9.41,12.32,13.46,9.41,12.32,13.46,51,51,1792.07,488.22,76.37,3.90,1.29,0.44,9.83,13.63,15.02,9.83,13.63,15.02,54,54,1912.27,537.14,74.61,7.05,2.68,0.00
2023/06/02T19:51:33z,84:f3:eb:7d:7:a8,6.01,2.0+OPENLOG+15552 MB+DS3231+BME280+PMSX003-B+PMSX003-A,107,17,53,993.92,0.04,36568,0,726,8.46,12.78,12.98,8.46,12.78,12.98,52,52,1680.89,465.54,71.65,4.48,0.04,0.00,9.66,13.22,13.91,9.66,13.22,13.91,53,53,1811.69,511.50,77.10,6.21,0.86,0.86
2023/06/02T19:53:33z,84:f3:eb:7d:7:a8,6.01,2.0+OPENLOG+15552 MB+DS3231+BME280+PMSX003-B+PMSX003-A,106,18,54,993.85,0.04,36568,0,846,9.31,11.95,12.83,9.31,11.95,12.83,50,50,1750.09,488.34,68.81,2.90,1.24,0.76,8.79,11.79,12.47,8.79,11.79,12.47,49,49,1728.52,484.67,60.98,3.90,1.31,0.17
2023/06/02T19:55:33z,84:f3:eb:7d:7:a8,6.01,2.0+OPENLOG+15552 MB+DS3231+BME280+PMSX003-B+PMSX003-A,100,21,53,993.86,0.04,36568,0,966,10.00,13.38,14.18,10.00,13.38,14.18,54,54,1975.55,534.68,71.82,5.90,0.67,0.67,9.77,13.60,14.25,9.77,13.60,14.25,54,54,1995.95,542.04,76.61,4.35,1.02,0.21
2023/06/02T19:57:33z,84:f3:eb:7d:7:a8,6.01,2.0+OPENLOG+15552 MB+DS3231+BME280+PMSX003-B+PMSX003-A,101,20,53,993.86,0.04,36568,0,1086,9.38,12.26,12.79,9.38,12.26,12.79,51,51,1799.53,495.72,63.19,3.45,0.45,0.00,9.72,13.68,13.89,9.72,13.68,13.89,54,54,1909.26,537.70,80.14,3.61,0.42,0.00
2023/06/02T19:59:33z,84:f3:eb:7d:7:a8,6.01,2.0+OPENLOG+15552 MB+DS3231+BME280+PMSX003-B+PMSX003-A,102,20,54,993.85,0.04,36568,0,1206,10.25,13.55,14.07,10.25,13.55,14.07,54,54,1926.98,530.24,76.27,2.98,0.40,0.00,10.12,13.47,13.90,10.12,13.47,13.90,54,54,1880.90,533.29,64.52,4.21,0.86,0.00
2023/06/02T20:01:41z,84:f3:eb:7d:7:a8,6.01,2.0+OPENLOG+15552 MB+DS3231+BME280+PMSX003-B+PMSX003-A,102,20,54,993.87,nan,36656,0,128,9.80,14.54,15.17,9.80,14.54,15.17,56,56,1906.76,532.44,88.20,5.76,0.98,0.00,9.44,13.29,14.95,9.44,13.29,14.95,54,54,1881.51,523.27,78.24,7.85,2.68,0.63
2023/06/02T20:03:41z,84:f3:eb:7d:7:a8,6.01,2.0+OPENLOG+15552 MB+DS3231+BME280+PMSX003-B+PMSX003-A,101,21,55,993.86,0.04,36568,0,248,10.10,13.81,14.98,10.10,13.81,14.98,55,55,2029.19,561.47,75.66,5.72,1.97,0.34,10.52,13.64,14.10,10.52,13.64,14.10,54,54,1949.64,545.38,82.88,3.48,0.83,0.17
2023/06/02T20:05:41z,84:f3:eb:7d:7:a8,6.01,2.0+OPENLOG+15552 MB+DS3231+BME280+PMSX003-B+PMSX003-A,100,22,54,993.83,0.04,36568,0,368,10.08,14.07,15.42,10.08,14.07,15.42,55,55,1933.63,535.07,88.17,4.37,1.46,0.68,10.12,14.51,16.19,10.12,14.51,16.19,56,56,1887.42,541.74,79.53,8.84,2.60,1.44
2023/06/02T20:07:41z,84:f3:eb:7d:7:a8,6.01,2.0+OPENLOG+15552 MB+DS3231+BME280+PMSX003-B+PMSX003-A,99,22,54,993.78,0.04,36568,0,488,10.40,14.90,15.97,10.40,14.90,15.97,57,57,2023.76,554.76,96.90,4.66,1.21,0.34,10.41,14.38,14.62,10.41,14.38,14.62,56,56,1927.23,538.82,77.96,4.21,0.46,0.00
2023/06/02T20:09:41z,84:f3:eb:7d:7:a8,6.01,2.0+OPENLOG+15552 MB+DS3231+BME280+PMSX003-B+PMSX003-A,99,23,55,993.69,0.04,36504,0,608,10.90,14.84,16.09,10.90,14.84,16.09,57,57,2055.16,577.47,93.07,5.72,0.79,0.45,11.14,15.05,16.72,11.14,15.05,16.72,57,57,2083.91,583.78,87.41,6.24,2.45,1.55
2023/06/02T20:11:41z,84:f3:eb:7d:7:a8,6.01,2.0+OPENLOG+15552 MB+DS3231+BME280+PMSX003-B+PMSX003-A,99,23,54,993.68,0.04,36504,0,728,10.48,14.04,15.09,10.48,14.04,15.09,55,55,1931.14,545.88,83.14,4.61,0.86,0.04,10.88,14.35,14.98,10.88,14.35,14.98,56,56,2063.35,568.80,81.70,4.43,0.83,0.33
2023/06/02T20:13:41z,84:f3:eb:7d:7:a8,6.01,2.0+OPENLOG+15552 MB+DS3231+BME280+PMSX003-B+PMSX003-A,101,22,55,993.67,0.04,36504,0,848,10.69,14.14,14.74,10.69,14.14,14.74,55,55,2059.50,562.09,73.55,4.66,0.38,0.00,10.61,14.00,14.35,10.61,14.00,14.35,55,55,2040.37,562.54,78.02,4.32,0.70,0.00
2023/06/02T20:15:41z,84:f3:eb:7d:7:a8,6.01,2.0+OPENLOG+15552 MB+DS3231+BME280+PMSX003-B+PMSX003-A,102,21,55,993.65,0.04,36504,0,968,10.88,15.15,16.08,10.88,15.15,16.08,57,57,2111.35,592.68,85.37,4.63,1.23,0.30,10.93,14.36,14.36,10.93,14.36,14.36,56,56,2038.07,575.20,81.29,0.89,0.00,0.00
2023/06/02T20:17:41z,84:f3:eb:7d:7:a8,6.01,2.0+OPENLOG+15552 MB+DS3231+BME280+PMSX003-B+PMSX003-A,100,22,54,993.62,0.04,36504,0,1088,10.24,13.81,15.05,10.24,13.81,15.05,55,55,1994.79,556.88,77.60,5.69,1.48,0.41,10.02,14.19,15.34,10.02,14.19,15.34,55,55,1940.95,542.88,75.53,5.34,1.66,0.86
2023/06/02T20:19:41z,84:f3:eb:7d:7:a8,6.01,2.0+OPENLOG+15552 MB+DS3231+BME280+PMSX003-B+PMSX003-A,100,21,54,993.61,0.04,36504,0,1208,10.77,14.51,16.93,10.77,14.51,16.93,56,56,2036.11,570.68,81.61,7.47,3.37,1.58,10.73,14.41,16.17,10.73,14.41,16.17,56,56,2033.49,572.32,76.83,7.19,2.85,1.15
2023/06/02T20:21:49z,84:f3:eb:7d:7:a8,6.01,2.0+OPENLOG+15552 MB+DS3231+BME280+PMSX003-B+PMSX003-A,101,21,54,993.55,nan,36656,0,127,10.86,15.79,16.60,10.86,15.79,16.60,59,59,2046.64,572.05,92.00,9.14,1.05,0.00,11.33,16.00,16.00,11.33,16.00,16.00,59,59,2176.23,613.08,83.49,4.67,0.00,0.00
2023/06/02T20:23:49z,84:f3:eb:7d:7:a8,6.01,2.0+OPENLOG+15552 MB+DS3231+BME280+PMSX003-B+PMSX003-A,101,21,54,993.51,0.04,36568,0,247,10.12,14.77,15.81,10.12,14.77,15.81,57,57,1993.95,558.30,90.32,6.91,1.37,0.53,11.08,14.25,14.88,11.08,14.25,14.88,56,56,2020.78,570.46,77.05,3.46,0.95,0.47
2023/06/02T20:25:49z,84:f3:eb:7d:7:a8,6.01,2.0+OPENLOG+15552 MB+DS3231+BME280+PMSX003-B+PMSX003-A,103,20,55,993.50,0.04,36568,0,367,10.68,14.54,15.15,10.68,14.54,15.15,56,56,2061.00,562.97,78.56,4.44,0.47,0.00,10.64,14.48,15.05,10.64,14.48,15.05,56,56,2046.00,569.12,78.25,4.57,0.93,0.00
2023/06/02T20:27:49z,84:f3:eb:7d:7:a8,6.01,2.0+OPENLOG+15552 MB+DS3231+BME280+PMSX003-B+PMSX003-A,101,21,54,993.52,0.04,36504,0,487,10.60,14.81,15.47,10.60,14.81,15.47,57,57,1985.22,559.48,83.02,4.52,0.00,0.00,10.32,14.27,15.61,10.32,14.27,15.61,56,56,1994.41,566.00,77.82,6.50,2.14,1.00
2023/06/02T20:29:49z,84:f3:eb:7d:7:a8,6.01,2.0+OPENLOG+15552 MB+DS3231+BME280+PMSX003-B+PMSX003-A,102,20,54,993.47,0.04,36504,0,607,9.98,14.44,15.28,9.98,14.44,15.28,56,56,2026.58,550.28,82.77,6.56,0.81,0.46,10.61,14.20,15.05,10.61,14.20,15.05,55,55,2069.59,578.12,75.54,3.29,1.25,0.44
2023/06/02T20:31:49z,84:f3:eb:7d:7:a8,6.01,2.0+OPENLOG+15552 MB+DS3231+BME280+PMSX003-B+PMSX003-A,102,20,54,993.46,0.04,36504,0,727,9.68,13.36,14.64,9.68,13.36,14.64,54,54,2029.71,557.27,73.93,4.89,1.82,1.29,10.57,14.00,15.48,10.57,14.00,15.48,55,55,1988.22,559.05,69.09,8.48,2.66,0.00
2023/06/02T20:33:49z,84:f3:eb:7d:7:a8,6.01,2.0+OPENLOG+15552 MB+DS3231+BME280+PMSX003-B+PMSX003-A,101,21,54,993.42,0.04,36504,0,847,10.86,14.14,16.07,10.86,14.14,16.07,55,55,2036.28,574.12,73.43,6.55,2.59,1.48,11.40,15.14,15.21,11.40,15.14,15.21,57,57,2144.02,611.71,74.09,5.17,0.14,0.00
2023/06/02T20:35:49z,84:f3:eb:7d:7:a8,6.01,2.0+OPENLOG+15552 MB+DS3231+BME280+PMSX003-B+PMSX003-A,100,21,54,993.37,0.04,36504,0,967,11.00,15.50,16.36,11.00,15.50,16.36,58,58,2126.79,576.69,89.40,6.45,0.52,0.00,11.58,16.07,16.74,11.58,16.07,16.74,59,59,2200.74,610.96,88.58,6.42,1.05,0.25
2023/06/02T20:37:49z,84:f3:eb:7d:7:a8,6.01,2.0+OPENLOG+15552 MB+DS3231+BME280+PMSX003-B+PMSX003-A,98,23,53,993.38,0.04,36504,0,1087,10.75,15.67,16.84,10.75,15.67,16.84,59,59,2078.95,585.25,88.60,6.18,1.44,1.09,11.79,14.66,15.95,11.79,14.66,15.95,56,56,2147.38,607.81,76.83,4.69,2.14,0.45
2023/06/02T20:39:49z,84:f3:eb:7d:7:a8,6.01,2.0+OPENLOG+15552 MB+DS3231+BME280+PMSX003-B+PMSX003-A,98,23,54,993.29,0.04,36320,0,1207,11.02,15.13,16.11,11.02,15.13,16.11,57,57,2156.95,582.96,81.93,5.27,1.56,0.33,12.54,16.00,16.49,12.54,16.00,16.49,59,59,2273.14,642.32,82.54,4.61,0.88,0.00
2023/06/02T20:41:58z,84:f3:eb:7d:7:a8,6.01,2.0+OPENLOG+15552 MB+DS3231+BME280+PMSX003-B+PMSX003-A,98,24,55,993.31,nan,36656,0,127,11.47,15.98,16.44,11.47,15.98,16.44,59,59,2227.53,612.56,92.49,5.26,0.00,0.00,12.90,16.92,17.92,12.90,16.92,17.92,61,61,2369.02,671.12,93.18,5.35,1.60,0.00
2023/06/02T20:43:58z,84:f3:eb:7d:7:a8,6.01,2.0+OPENLOG+15552 MB+DS3231+BME280+PMSX003-B+PMSX003-A,97,25,55,993.28,0.04,36504,0,247,12.33,16.64,17.55,12.33,16.64,17.55,61,61,2351.84,639.98,97.82,4.65,0.18,0.18,12.53,16.69,16.97,12.53,16.69,16.97,61,61,2315.95,651.37,82.64,4.92,0.44,0.24
2023/06/02T20:45:58z,84:f3:eb:7d:7:a8,6.01,2.0+OPENLOG+15552 MB+DS3231+BME280+PMSX003-B+PMSX003-A,95,25,54,993.26,0.04,36504,0,367,10.78,15.32,16.51,10.78,15.32,16.51,58,58,2134.68,584.20,90.42,4.92,1.02,0.68,12.51,15.53,16.46,12.51,15.53,16.46,58,58,2261.32,634.95,83.46,3.51,1.16,0.56
2023/06/02T20:47:58z,84:f3:eb:7d:7:a8,6.01,2.0+OPENLOG+15552 MB+DS3231+BME280+PMSX003-B+PMSX003-A,95,26,55,993.18,0.04,36504,0,487,11.29,15.85,16.73,11.29,15.85,16.73,59,59,2257.53,624.64,92.86,7.02,0.54,0.54,12.52,17.36,18.50,12.52,17.36,18.50,62,62,2305.98,651.45,97.02,6.64,1.68,0.82
2023/06/02T20:49:58z,84:f3:eb:7d:7:a8,6.01,2.0+OPENLOG+15552 MB+DS3231+BME280+PMSX003-B+PMSX003-A,95,26,54,993.13,0.04,36504,0,607,12.04,17.66,18.71,12.04,17.66,18.71,63,63,2353.77,648.91,112.36,6.46,1.18,0.18,12.78,17.98,19.22,12.78,17.98,19.22,63,63,2359.29,669.41,95.12,8.47,2.03,0.55
2023/06/02T20:51:58z,84:f3:eb:7d:7:a8,6.01,2.0+OPENLOG+15552 MB+DS3231+BME280+PMSX003-B+PMSX003-A,94,27,55,993.13,0.04,36504,0,727,12.70,17.43,18.43,12.70,17.43,18.43,62,62,2462.09,673.30,91.55,5.75,1.00,0.00,12.51,16.54,17.27,12.51,16.54,17.27,60,60,2302.22,657.00,96.71,3.80,0.88,0.37
2023/06/02T20:53:58z,84:f3:eb:7d:7:a8,6.01,2.0+OPENLOG+15552 MB+DS3231+BME280+PMSX003-B+PMSX003-A,94,26,54,993.15,0.04,36504,0,847,12.35,17.65,19.33,12.35,17.65,19.33,63,63,2373.32,644.33,107.65,7.58,2.32,0.49,13.41,18.09,19.20,13.41,18.09,19.20,64,64,2460.75,702.16,92.95,5.89,1.50,0.68
2023/06/02T20:55:58z,84:f3:eb:7d:7:a8,6.01,2.0+OPENLOG+15552 MB+DS3231+BME280+PMSX003-B+PMSX003-A,92,25,51,988.18,0.04,36504,0,967,11.43,16.76,18.66,11.43,16.76,18.66,61,61,2257.91,624.88,102.69,10.07,2.45,0.66,12.33,17.15,18.82,12.33,17.15,18.82,62,62,2356.15,666.25,100.07,7.45,2.36,1.20
2023/06/02T20:57:58z,84:f3:eb:7d:7:a8,6.01,2.0+OPENLOG+15552 MB+DS3231+BME280+PMSX003-B+PMSX003-A,97,23,54,993.08,0.04,36504,0,1087,10.11,14.25,14.61,10.11,14.25,14.61,56,56,2105.37,574.58,77.40,4.81,0.00,0.00,11.40,16.39,17.89,11.40,16.39,17.89,60,60,2229.53,631.63,91.30,8.28,2.46,0.81
2023/06/02T20:59:58z,84:f3:eb:7d:7:a8,6.01,2.0+OPENLOG+15552 MB+DS3231+BME280+PMSX003-B+PMSX003-A,99,23,55,992.99,0.04,36504,0,1207,11.24,15.98,16.31,11.24,15.98,16.31,59,59,2126.24,592.55,100.31,3.31,0.58,0.00,11.26,15.62,16.55,11.26,15.62,16.55,58,58,2157.26,605.66,86.19,6.62,1.76,0.38
2023/06/02T21:02:06z,84:f3:eb:7d:7:a8,6.01,2.0+OPENLOG+15552 MB+DS3231+BME280+PMSX003-B+PMSX003-A,100,22,55,993.02,nan,36656,0,128,10.51,15.22,16.93,10.51,15.22,16.93,58,58,2107.02,593.80,95.17,5.95,2.20,1.37,12.22,16.24,17.20,12.22,16.24,17.20,60,60,2192.41,620.63,81.63,5.85,1.46,0.98
2023/06/02T21:04:06z,84:f3:eb:7d:7:a8,6.01,2.0+OPENLOG+15552 MB+DS3231+BME280+PMSX003-B+PMSX003-A,97,24,54,993.03,0.05,36568,0,248,11.81,15.58,16.53,11.81,15.58,16.53,58,58,2196.42,604.58,86.89,4.53,1.65,0.63,12.93,16.40,17.00,12.93,16.40,17.00,60,60,2347.03,661.86,86.02,5.83,0.86,0.03
2023/06/02T21:06:06z,84:f3:eb:7d:7:a8,6.01,2.0+OPENLOG+15552 MB+DS3231+BME280+PMSX003-B+PMSX003-A,97,24,54,993.02,0.04,36568,0,368,11.76,16.98,18.36,11.76,16.98,18.36,61,61,2242.02,616.24,107.46,8.20,1.73,0.81,12.66,16.39,17.05,12.66,16.39,17.05,60,60,2315.20,652.64,83.23,4.46,1.21,0.00
2023/06/02T21:08:06z,84:f3:eb:7d:7:a8,6.01,2.0+OPENLOG+15552 MB+DS3231+BME280+PMSX003-B+PMSX003-A,98,23,54,992.96,0.04,36568,0,488,11.39,15.68,17.64,11.39,15.68,17.64,59,59,2205.56,611.49,89.76,6.47,2.31,0.92,12.04,15.77,16.68,12.04,15.77,16.68,59,59,2235.59,626.68,83.52,4.32,1.36,0.54
2023/06/02T21:10:06z,84:f3:eb:7d:7:a8,6.01,2.0+OPENLOG+15552 MB+DS3231+BME280+PMSX003-B+PMSX003-A,99,23,55,992.93,0.05,36568,0,608,11.79,16.11,17.84,11.79,16.11,17.84,59,59,2298.68,623.84,88.96,6.35,1.65,0.67,12.17,17.00,18.53,12.17,17.00,18.53,61,61,2327.30,655.88,95.12,7.23,2.03,1.33
2023/06/02T21:12:06z,84:f3:eb:7d:7:a8,6.01,2.0+OPENLOG+15552 MB+DS3231+BME280+PMSX003-B+PMSX003-A,99,23,55,992.91,0.04,36568,0,728,12.21,17.14,19.38,12.21,17.14,19.38,62,62,2375.73,664.32,100.75,7.46,2.25,0.71,12.00,17.22,17.36,12.00,17.22,17.36,62,62,2303.48,655.79,91.24,4.14,0.24,0.00
2023/06/02T21:14:06z,84:f3:eb:7d:7:a8,6.01,2.0+OPENLOG+15552 MB+DS3231+BME280+PMSX003-B+PMSX003-A,99,22,54,992.85,0.05,36504,0,848,12.24,17.60,18.38,12.24,17.60,18.38,63,63,2338.03,656.14,103.57,6.55,0.38,0.07,12.36,17.07,18.46,12.36,17.07,18.46,61,61,2354.68,663.66,91.91,6.11,1.89,0.93
2023/06/02T21:16:06z,84:f3:eb:7d:7:a8,6.01,2.0+OPENLOG+15552 MB+DS3231+BME280+PMSX003-B+PMSX003-A,101,22,55,992.92,0.04,36504,0,968,11.41,16.73,18.27,11.41,16.73,18.27,61,61,2289.86,631.93,98.47,7.46,2.37,1.02,12.36,17.53,18.17,12.36,17.53,18.17,62,62,2339.95,650.07,95.19,7.09,0.93,0.55
2023/06/02T21:18:06z,84:f3:eb:7d:7:a8,6.01,2.0+OPENLOG+15552 MB+DS3231+BME280+PMSX003-B+PMSX003-A,101,22,55,992.91,0.04,36504,0,1088,10.71,15.27,16.52,10.71,15.27,16.52,58,58,2092.45,570.36,83.93,6.14,1.71,0.43,11.02,15.23,15.93,11.02,15.23,15.93,58,58,2120.68,590.42,89.04,4.54,1.26,0.00
2023/06/02T21:20:06z,84:f3:eb:7d:7:a8,6.01,2.0+OPENLOG+15552 MB+DS3231+BME280+PMSX003-B+PMSX003-A,100,22,54,992.90,0.04,36504,0,1208,11.73,15.54,16.46,11.73,15.54,16.46,58,58,2260.82,607.75,81.61,5.96,0.86,0.00,11.53,16.24,16.90,11.53,16.24,16.90,60,60,2171.59,613.59,96.33,5.24,0.97,0.59
2023/06/02T21:22:14z,84:f3:eb:7d:7:a8,6.01,2.0+OPENLOG+15552 MB+DS3231+BME280+PMSX003-B+PMSX003-A,100,21,53,992.87,nan,36656,0,127,10.24,14.12,15.38,10.24,14.12,15.38,55,55,1926.00,540.71,74.60,6.57,1.76,0.57,11.12,15.57,16.12,11.12,15.57,16.12,58,58,2167.43,595.17,78.72,6.10,0.90,0.00
2023/06/02T21:24:14z,84:f3:eb:7d:7:a8,6.01,2.0+OPENLOG+15552 MB+DS3231+BME280+PMSX003-B+PMSX003-A,99,21,53,992.85,0.04,36504,0,247,10.31,14.85,15.38,10.31,14.85,15.38,57,57,1986.71,547.65,94.24,4.44,0.47,0.07,10.78,14.35,15.30,10.78,14.35,15.30,56,56,1973.45,562.67,74.18,7.67,1.17,0.40
2023/06/02T21:26:14z,84:f3:eb:7d:7:a8,6.01,2.0+OPENLOG+15552 MB+DS3231+BME280+PMSX003-B+PMSX003-A,99,21,52,992.82,0.04,36504,0,367,9.88,14.27,14.36,9.88,14.27,14.36,56,56,1910.03,523.80,88.42,3.46,0.00,0.00,10.62,14.44,16.02,10.62,14.44,16.02,56,56,1952.35,557.89,86.44,5.42,2.69,0.76
2023/06/02T21:28:14z,84:f3:eb:7d:7:a8,6.01,2.0+OPENLOG+15552 MB+DS3231+BME280+PMSX003-B+PMSX003-A,100,20,52,992.84,0.04,36504,0,487,9.16,12.71,13.38,9.16,12.71,13.38,52,52,1776.72,480.29,73.78,6.41,0.69,0.69,10.96,14.39,15.25,10.96,14.39,15.25,56,56,2011.05,572.63,78.79,4.91,1.19,0.46
2023/06/02T21:30:14z,84:f3:eb:7d:7:a8,6.01,2.0+OPENLOG+15552 MB+DS3231+BME280+PMSX003-B+PMSX003-A,100,19,51,992.83,0.04,36504,0,607,9.66,13.58,15.22,9.66,13.58,15.22,54,54,1871.49,520.07,78.39,8.51,1.53,0.27,10.18,13.70,14.98,10.18,13.70,14.98,54,54,1930.05,543.51,74.18,7.30,1.75,0.00
2023/06/02T21:32:14z,84:f3:eb:7d:7:a8,6.01,2.0+OPENLOG+15552 MB+DS3231+BME280+PMSX003-B+PMSX003-A,100,19,50,992.87,0.05,36504,0,727,10.25,13.91,15.34,10.25,13.91,15.34,55,55,1996.66,552.21,77.21,7.21,1.71,0.96,10.39,15.14,16.67,10.39,15.14,16.67,57,57,1996.79,555.18,87.93,7.44,1.96,1.16
2023/06/02T21:34:14z,84:f3:eb:7d:7:a8,6.01,2.0+OPENLOG+15552 MB+DS3231+BME280+PMSX003-B+PMSX003-A,99,19,50,992.86,0.05,36504,0,847,9.46,12.37,13.42,9.46,12.37,13.42,52,52,1753.89,484.09,75.53,4.35,0.46,0.46,9.29,12.91,13.91,9.29,12.91,13.91,53,53,1772.02,503.07,82.52,5.03,1.66,0.28
2023/06/02T21:36:14z,84:f3:eb:7d:7:a8,6.01,2.0+OPENLOG+15552 MB+DS3231+BME280+PMSX003-B+PMSX003-A,100,21,53,992.94,0.05,36504,0,967,10.02,13.80,14.98,10.02,13.80,14.98,55,55,1958.15,535.53,85.33,6.60,0.93,0.50,10.91,14.61,16.61,10.91,14.61,16.61,56,56,2017.84,575.96,83.04,5.61,2.91,1.05
2023/06/02T21:38:14z,84:f3:eb:7d:7:a8,6.01,2.0+OPENLOG+15552 MB+DS3231+BME280+PMSX003-B+PMSX003-A,97,22,52,992.95,0.05,36504,0,1087,10.83,15.19,16.54,10.83,15.19,16.54,57,57,2153.69,591.54,92.19,6.68,1.36,0.47,11.34,15.90,16.14,11.34,15.90,16.14,59,59,2182.24,606.83,89.21,4.83,0.31,0.31
2023/06/02T21:40:14z,84:f3:eb:7d:7:a8,6.01,2.0+OPENLOG+15552 MB+DS3231+BME280+PMSX003-B+PMSX003-A,96,24,53,993.05,0.05,36504,0,1207,11.09,14.44,15.42,11.09,14.44,15.42,56,56,2106.68,584.65,85.58,3.68,0.91,0.35,12.67,16.78,17.86,12.67,16.78,17.86,61,61,2407.60,666.05,78.34,5.59,1.62,0.62
2023/06/02T21:42:22z,84:f3:eb:7d:7:a8,6.01,2.0+OPENLOG+15552 MB+DS3231+BME280+PMSX003-B+PMSX003-A,95,25,54,993.02,nan,36656,0,128,11.90,16.19,17.33,11.90,16.19,17.33,60,60,2150.57,601.36,101.64,6.38,1.29,0.10,12.68,16.05,17.12,12.68,16.05,17.12,59,59,2293.39,649.71,81.85,6.39,1.90,0.00
2023/06/02T21:44:22z,84:f3:eb:7d:7:a8,6.01,2.0+OPENLOG+15552 MB+DS3231+BME280+PMSX003-B+PMSX003-A,94,26,54,993.06,0.05,36568,0,248,11.63,15.70,16.65,11.63,15.70,16.65,59,59,2183.58,610.14,94.86,6.00,0.67,0.28,12.34,16.84,17.78,12.34,16.84,17.78,61,61,2357.84,662.22,99.79,5.59,1.34,0.38
2023/06/02T21:46:22z,84:f3:eb:7d:7:a8,6.01,2.0+OPENLOG+15552 MB+DS3231+BME280+PMSX003-B+PMSX003-A,92,28,54,993.05,0.05,36568,0,368,11.86,15.64,16.28,11.86,15.64,16.28,58,58,2234.74,621.03,90.67,4.03,0.48,0.00,12.71,18.69,19.98,12.71,18.69,19.98,65,65,2437.96,675.00,104.91,8.44,2.18,0.00
2023/06/02T21:48:22z,84:f3:eb:7d:7:a8,6.01,2.0+OPENLOG+15552 MB+DS3231+BME280+PMSX003-B+PMSX003-A,92,28,54,993.05,0.05,36384,0,488,12.46,16.63,17.31,12.46,16.63,17.31,61,61,2295.66,639.46,95.81,5.08,0.17,0.00,13.11,18.38,18.61,13.11,18.38,18.61,64,64,2373.00,674.95,96.48,4.25,0.46,0.00
2023/06/02T21:50:22z,84:f3:eb:7d:7:a8,6.01,2.0+OPENLOG+15552 MB+DS3231+BME280+PMSX003-B+PMSX003-A,91,28,54,993.04,0.05,36504,0,608,12.71,17.52,18.71,12.71,17.52,18.71,62,62,2397.57,675.16,112.86,5.66,1.69,0.52,13.48,19.45,20.90,13.48,19.45,20.90,66,66,2474.79,704.78,108.74,8.00,2.38,0.34
2023/06/02T21:52:22z,84:f3:eb:7d:7:a8,6.01,2.0+OPENLOG+15552 MB+DS3231+BME280+PMSX003-B+PMSX003-A,92,28,54,993.05,0.05,36504,0,728,12.81,18.00,19.85,12.81,18.00,19.85,63,63,2467.06,674.81,118.19,7.67,1.63,1.26,13.38,19.40,19.95,13.38,19.40,19.95,66,66,2552.90,714.83,107.98,6.28,0.72,0.72
2023/06/02T21:54:22z,84:f3:eb:7d:7:a8,6.01,2.0+OPENLOG+15552 MB+DS3231+BME280+PMSX003-B+PMSX003-A,90,30,54,992.99,0.05,36504,0,848,13.25,18.12,19.18,13.25,18.12,19.18,64,64,2477.11,677.58,105.88,5.54,1.05,0.77,13.98,19.28,19.65,13.98,19.28,19.65,66,66,2575.53,731.46,106.56,5.79,0.39,0.00
2023/06/02T21:56:22z,84:f3:eb:7d:7:a8,6.01,2.0+OPENLOG+15552 MB+DS3231+BME280+PMSX003-B+PMSX003-A,91,29,55,992.97,0.05,36504,0,968,12.64,17.97,18.68,12.64,17.97,18.68,63,63,2413.27,662.76,110.08,6.64,0.71,0.00,13.30,18.91,20.50,13.30,18.91,20.50,65,65,2483.41,706.20,110.20,8.34,2.68,1.18
2023/06/02T21:58:22z,84:f3:eb:7d:7:a8,6.01,2.0+OPENLOG+15552 MB+DS3231+BME280+PMSX003-B+PMSX003-A,91,29,54,992.95,0.05,36504,0,1088,12.40,17.29,17.93,12.40,17.29,17.93,62,62,2282.64,643.14,108.79,4.62,1.10,0.00,13.00,19.05,19.82,13.00,19.05,19.82,66,66,2466.26,697.07,107.79,6.91,1.37,0.18
2023/06/02T22:00:22z,84:f3:eb:7d:7:a8,6.01,2.0+OPENLOG+15552 MB+DS3231+BME280+PMSX003-B+PMSX003-A,92,29,55,992.96,0.05,36504,0,1208,11.63,16.58,17.32,11.63,16.58,17.32,60,60,2259.68,623.51,99.00,6.00,0.74,0.00,12.83,18.10,18.75,12.83,18.10,18.75,64,64,2419.12,682.12,100.78,7.22,1.29,0.00
2023/06/02T22:02:30z,84:f3:eb:7d:7:a8,6.01,2.0+OPENLOG+15552 MB+DS3231+BME280+PMSX003-B+PMSX003-A,93,28,55,992.93,nan,36656,0,127,12.07,15.86,17.56,12.07,15.86,17.56,59,59,2307.00,635.79,89.02,6.33,1.86,0.60,13.12,18.12,19.00,13.12,18.12,19.00,64,64,2414.70,675.53,99.57,5.35,1.35,0.65
2023/06/02T22:04:30z,84:f3:eb:7d:7:a8,6.01,2.0+OPENLOG+15552 MB+DS3231+BME280+PMSX003-B+PMSX003-A,94,27,55,992.93,0.05,36504,0,247,12.42,17.55,18.51,12.42,17.55,18.51,62,62,2316.05,649.25,101.22,5.85,0.98,0.47,12.00,16.43,17.28,12.00,16.43,17.28,60,60,2193.98,629.43,89.03,6.28,1.41,0.00
2023/06/02T22:06:30z,84:f3:eb:7d:7:a8,6.01,2.0+OPENLOG+15552 MB+DS3231+BME280+PMSX003-B+PMSX003-A,95,25,54,992.93,0.05,36504,0,367,10.22,14.76,15.67,10.22,14.76,15.67,57,57,2062.45,568.60,81.72,6.48,1.00,0.41,10.50,14.73,16.73,10.50,14.73,16.73,57,57,2030.79,569.20,86.75,7.43,3.32,0.46
2023/06/02T22:08:30z,84:f3:eb:7d:7:a8,6.01,2.0+OPENLOG+15552 MB+DS3231+BME280+PMSX003-B+PMSX003-A,96,24,53,992.90,0.05,36504,0,487,10.19,14.90,15.84,10.19,14.90,15.84,57,57,1979.59,543.24,95.57,7.24,0.76,0.34,10.82,14.02,14.93,10.82,14.02,14.93,55,55,1984.93,552.59,76.25,4.89,1.04,0.50
2023/06/02T22:10:30z,84:f3:eb:7d:7:a8,6.01,2.0+OPENLOG+15552 MB+DS3231+BME280+PMSX003-B+PMSX003-A,95,24,53,992.94,0.05,36504,0,607,10.14,13.61,15.24,10.14,13.61,15.24,54,54,1880.19,533.08,83.24,4.58,2.27,0.95,10.76,15.16,16.74,10.76,15.16,16.74,57,57,2071.03,576.24,88.81,4.91,2.14,1.03
2023/06/02T22:12:30z,84:f3:eb:7d:7:a8,6.01,2.0+OPENLOG+15552 MB+DS3231+BME280+PMSX003-B+PMSX003-A,97,23,53,992.90,0.05,36504,0,727,10.18,15.29,15.84,10.18,15.29,15.84,58,58,1925.35,546.82,97.42,5.96,0.69,0.11,10.02,14.05,14.42,10.02,14.05,14.42,55,55,1978.37,554.14,79.97,5.49,0.75,0.00
2023/06/02T22:14:30z,84:f3:eb:7d:7:a8,6.01,2.0+OPENLOG+15552 MB+DS3231+BME280+PMSX003-B+PMSX003-A,96,23,53,992.83,0.05,36504,0,847,10.07,14.43,15.62,10.07,14.43,15.62,56,56,1954.55,550.62,81.29,7.17,1.34,0.00,10.27,15.00,15.46,10.27,15.00,15.46,57,57,2078.04,571.52,92.12,5.36,0.89,0.00
2023/06/02T22:16:30z,84:f3:eb:7d:7:a8,6.01,2.0+OPENLOG+15552 MB+DS3231+BME280+PMSX003-B+PMSX003-A,97,23,53,992.81,0.05,36504,0,967,9.19,13.37,13.68,9.19,13.37,13.68,54,54,1799.59,503.15,76.34,5.42,0.17,0.00,11.20,15.65,16.47,11.20,15.65,16.47,58,58,2056.58,588.87,83.73,6.58,1.35,0.44
2023/06/02T22:18:30z,84:f3:eb:7d:7:a8,6.01,2.0+OPENLOG+15552 MB+DS3231+BME280+PMSX003-B+PMSX003-A,98,23,53,992.82,0.05,36504,0,1087,9.35,13.44,14.37,9.35,13.44,14.37,54,54,1873.42,517.53,84.05,4.91,1.26,0.42,10.48,14.26,14.64,10.48,14.26,14.64,56,56,2001.00,568.45,78.05,3.38,0.38,0.38
2023/06/02T22:20:30z,84:f3:eb:7d:7:a8,6.01,2.0+OPENLOG+15552 MB+DS3231+BME280+PMSX003-B+PMSX003-A,98,22,53,992.76,0.05,36504,0,1207,9.46,12.77,13.44,9.46,12.77,13.44,52,52,1884.21,515.81,74.39,3.02,0.81,0.00,10.46,14.47,15.84,10.46,14.47,15.84,56,56,1978.84,567.42,86.00,5.96,2.07,0.63
2023/06/02T22:22:39z,84:f3:eb:7d:7:a8,6.01,2.0+OPENLOG+15552 MB+DS3231+BME280+PMSX003-B+PMSX003-A,98,22,52,992.76,nan,36656,0,128,9.67,13.40,13.67,9.67,13.40,13.67,54,54,1869.00,524.33,72.30,3.91,0.00,0.00,10.50,14.12,14.12,10.50,14.12,14.12,55,55,1942.88,557.60,81.90,2.55,0.00,0.00
2023/06/02T22:24:39z,84:f3:eb:7d:7:a8,6.01,2.0+OPENLOG+15552 MB+DS3231+BME280+PMSX003-B+PMSX003-A,97,22,52,992.77,0.05,36504,0,248,9.34,12.95,14.14,9.34,12.95,14.14,53,53,1859.20,521.95,70.71,4.71,1.54,0.39,10.46,13.93,14.15,10.46,13.93,14.15,55,55,1918.02,553.97,70.61,4.31,0.44,0.00
2023/06/02T22:26:39z,84:f3:eb:7d:7:a8,6.01,2.0+OPENLOG+15552 MB+DS3231+BME280+PMSX003-B+PMSX003-A,97,22,52,992.72,0.05,36504,0,368,10.75,15.15,16.03,10.75,15.15,16.03,57,57,2030.75,566.75,84.68,7.63,1.08,0.00,10.41,14.36,15.43,10.41,14.36,15.43,56,56,1999.93,555.77,75.77,5.86,1.61,0.89
2023/06/02T22:28:39z,84:f3:eb:7d:7:a8,6.01,2.0+OPENLOG+15552 MB+DS3231+BME280+PMSX003-B+PMSX003-A,97,21,51,992.69,0.05,36504,0,488,10.12,13.97,14.61,10.12,13.97,14.61,55,55,1844.90,522.24,80.03,4.51,1.08,0.41,10.44,14.21,15.16,10.44,14.21,15.16,55,55,1960.05,555.23,75.98,6.14,1.23,0.81
2023/06/02T22:30:39z,84:f3:eb:7d:7:a8,6.01,2.0+OPENLOG+15552 MB+DS3231+BME280+PMSX003-B+PMSX003-A,99,21,52,992.69,0.05,36504,0,608,8.38,12.34,12.88,8.38,12.34,12.88,52,52,1765.81,489.50,69.29,5.31,0.48,0.00,10.56,14.95,16.18,10.56,14.95,16.18,57,57,2021.95,563.89,88.61,7.89,2.14,0.39
2023/06/02T22:32:39z,84:f3:eb:7d:7:a8,6.01,2.0+OPENLOG+15552 MB+DS3231+BME280+PMSX003-B+PMSX003-A,100,20,52,992.68,0.05,36504,0,728,9.91,13.64,14.62,9.91,13.64,14.62,54,54,1919.89,532.75,80.68,4.75,1.71,0.00,10.27,14.03,15.05,10.27,14.03,15.05,55,55,1988.54,559.29,78.12,5.05,1.80,0.00
2023/06/02T22:34:39z,84:f3:eb:7d:7:a8,6.01,2.0+OPENLOG+15552 MB+DS3231+BME280+PMSX003-B+PMSX003-A,99,21,53,992.69,0.05,36504,0,848,10.36,14.74,15.19,10.36,14.74,15.19,57,57,1986.10,554.55,88.59,4.69,0.55,0.38,10.69,14.05,14.90,10.69,14.05,14.90,55,55,2014.97,558.05,79.95,3.90,1.10,0.45
2023/06/02T22:36:39z,84:f3:eb:7d:7:a8,6.01,2.0+OPENLOG+15552 MB+DS3231+BME280+PMSX003-B+PMSX003-A,100,21,53,992.72,0.05,36504,0,968,10.69,15.12,16.09,10.69,15.12,16.09,57,57,2102.79,580.33,94.24,4.93,1.21,0.38,10.95,14.82,15.55,10.95,14.82,15.55,57,57,2068.96,578.40,76.36,4.15,1.27,0.00
2023/06/02T22:38:39z,84:f3:eb:7d:7:a8,6.01,2.0+OPENLOG+15552 MB+DS3231+BME280+PMSX003-B+PMSX003-A,99,20,51,991.70,0.05,36504,0,1088,9.40,13.74,14.02,9.40,13.74,14.02,54,54,1891.11,527.21,79.72,3.82,0.39,0.39,10.93,14.77,15.79,10.93,14.77,15.79,57,57,2076.79,583.04,76.23,6.11,1.61,0.35
2023/06/02T22:40:39z,84:f3:eb:7d:7:a8,6.01,2.0+OPENLOG+15552 MB+DS3231+BME280+PMSX003-B+PMSX003-A,100,19,51,992.74,0.05,36504,0,1208,9.95,14.12,15.43,9.95,14.12,15.43,55,55,2024.25,564.68,91.86,3.64,2.25,0.93,10.34,14.71,15.17,10.34,14.71,15.17,56,56,2015.80,560.42,78.66,7.29,0.51,0.34
2023/06/02T22:42:48z,84:f3:eb:7d:7:a8,6.01,2.0+OPENLOG+15552 MB+DS3231+BME280+PMSX003-B+PMSX003-A,99,19,50,992.73,nan,36656,0,128,9.42,13.70,14.60,9.42,13.70,14.60,54,54,1850.02,503.28,76.37,7.40,1.30,0.00,11.25,14.80,14.80,11.25,14.80,14.80,57,57,2059.88,586.05,83.95,2.55,0.00,0.00
2023/06/02T22:44:48z,84:f3:eb:7d:7:a8,6.01,2.0+OPENLOG+15552 MB+DS3231+BME280+PMSX003-B+PMSX003-A,99,19,49,992.70,0.04,36504,0,248,9.27,13.31,13.98,9.27,13.31,13.98,54,54,1727.07,489.78,79.35,2.58,0.91,0.47,9.84,13.38,15.05,9.84,13.38,15.05,54,54,1868.22,533.67,84.67,5.34,2.72,0.90
2023/06/02T22:46:48z,84:f3:eb:7d:7:a8,6.01,2.0+OPENLOG+15552 MB+DS3231+BME280+PMSX003-B+PMSX003-A,99,19,50,992.71,0.05,36504,0,368,9.34,12.60,13.90,9.34,12.60,13.90,52,52,1812.31,503.67,70.47,4.69,2.03,0.00,9.72,13.70,13.89,9.72,13.70,13.89,54,54,1863.47,531.04,77.25,4.88,0.39,0.00
2023/06/02T22:48:48z,84:f3:eb:7d:7:a8,6.01,2.0+OPENLOG+15552 MB+DS3231+BME280+PMSX003-B+PMSX003-A,98,20,50,992.71,0.05,36504,0,488,9.83,14.36,15.98,9.83,14.36,15.98,56,56,1924.66,535.16,80.72,10.59,2.00,0.38,11.04,14.38,14.73,11.04,14.38,14.73,56,56,1938.44,557.31,79.58,3.45,0.69,0.00
2023/06/02T22:50:48z,84:f3:eb:7d:7:a8,6.01,2.0+OPENLOG+15552 MB+DS3231+BME280+PMSX003-B+PMSX003-A,97,21,50,992.69,0.05,36504,0,608,10.07,13.07,14.44,10.07,13.07,14.44,53,53,1901.47,531.07,76.09,5.89,1.58,0.35,10.58,14.43,15.00,10.58,14.43,15.00,56,56,1982.05,551.00,77.30,5.80,1.13,0.00
2023/06/02T22:52:48z,84:f3:eb:7d:7:a8,6.01,2.0+OPENLOG+15552 MB+DS3231+BME280+PMSX003-B+PMSX003-A,97,20,50,992.65,0.05,36504,0,728,9.88,12.80,14.41,9.88,12.80,14.41,52,52,1858.45,516.64,70.18,7.43,1.21,1.21,10.08,14.54,15.54,10.08,14.54,15.54,56,56,1935.76,540.47,91.15,6.61,1.73,0.34
2023/06/02T22:54:48z,84:f3:eb:7d:7:a8,6.01,2.0+OPENLOG+15552 MB+DS3231+BME280+PMSX003-B+PMSX003-A,97,20,50,992.64,0.05,36504,0,848,10.48,14.02,14.45,10.48,14.02,14.45,55,55,1981.19,554.64,76.90,2.86,0.45,0.00,9.58,13.07,13.88,9.58,13.07,13.88,53,53,1843.37,530.61,80.00,3.65,1.44,0.00
2023/06/02T22:56:48z,84:f3:eb:7d:7:a8,6.01,2.0+OPENLOG+15552 MB+DS3231+BME280+PMSX003-B+PMSX003-A,97,21,51,992.61,0.05,36504,0,968,10.17,13.47,13.47,10.17,13.47,13.47,54,54,1987.42,531.61,76.34,2.37,0.00,0.00,10.38,14.10,14.90,10.38,14.10,14.90,55,55,1999.55,560.16,75.43,4.90,1.34,0.00
2023/06/02T22:58:48z,84:f3:eb:7d:7:a8,6.01,2.0+OPENLOG+15552 MB+DS3231+BME280+PMSX003-B+PMSX003-A,96,21,50,992.56,0.05,36504,0,1088,10.96,15.72,17.53,10.96,15.72,17.53,59,59,2002.05,562.98,96.93,9.23,1.96,1.23,10.72,15.55,16.34,10.72,15.55,16.34,58,58,2079.67,589.02,92.97,6.07,1.17,0.45
2023/06/02T23:00:48z,84:f3:eb:7d:7:a8,6.01,2.0+OPENLOG+15552 MB+DS3231+BME280+PMSX003-B+PMSX003-A,95,21,49,992.61,0.05,36504,0,1208,10.14,13.86,14.96,10.14,13.86,14.96,55,55,1940.52,541.95,85.62,4.96,0.86,0.39,10.93,15.52,15.97,10.93,15.52,15.97,58,58,2005.60,571.17,86.45,6.72,0.83,0.00
2023/06/02T23:02:57z,84:f3:eb:7d:7:a8,6.01,2.0+OPENLOG+15552 MB+DS3231+BME280+PMSX003-B+PMSX003-A,95,19,47,992.64,nan,36656,0,128,9.55,13.31,14.48,9.55,13.31,14.48,54,54,1748.07,498.17,84.26,6.24,1.62,0.00,9.77,14.07,14.57,9.77,14.07,14.57,55,55,1826.32,517.42,84.55,6.90,0.85,0.00
2023/06/02T23:04:57z,84:f3:eb:7d:7:a8,6.01,2.0+OPENLOG+15552 MB+DS3231+BME280+PMSX003-B+PMSX003-A,95,18,45,992.56,0.05,36568,0,248,8.36,11.62,11.79,8.36,11.62,11.79,48,48,1621.18,463.43,69.21,3.04,0.00,0.00,9.00,12.52,13.36,9.00,12.52,13.36,52,52,1709.79,490.45,72.24,4.00,1.24,0.79
2023/06/02T23:06:57z,84:f3:eb:7d:7:a8,6.01,2.0+OPENLOG+15552 MB+DS3231+BME280+PMSX003-B+PMSX003-A,94,17,44,992.57,0.05,36504,0,368,7.58,11.02,11.93,7.58,11.02,11.93,46,46,1544.75,427.64,60.08,6.41,1.15,0.31,8.32,11.34,11.89,8.32,11.34,11.89,47,47,1607.57,450.68,60.82,4.93,0.93,0.00
2023/06/02T23:08:57z,84:f3:eb:7d:7:a8,6.01,2.0+OPENLOG+15552 MB+DS3231+BME280+PMSX003-B+PMSX003-A,94,18,44,992.56,0.05,36504,0,488,8.75,12.61,13.39,8.75,12.61,13.39,52,52,1691.49,475.68,82.66,6.24,0.95,0.17,8.82,12.65,13.76,8.82,12.65,13.76,52,52,1681.91,480.65,74.40,6.55,1.64,0.76
2023/06/02T23:10:57z,84:f3:eb:7d:7:a8,6.01,2.0+OPENLOG+15552 MB+DS3231+BME280+PMSX003-B+PMSX003-A,94,18,44,992.54,0.05,36504,0,608,7.83,11.29,12.29,7.83,11.29,12.29,47,47,1507.76,428.66,67.72,6.90,1.41,0.00,9.27,12.78,13.80,9.27,12.78,13.80,52,52,1681.05,486.28,73.77,4.95,1.87,0.43
2023/06/02T23:12:57z,84:f3:eb:7d:7:a8,6.01,2.0+OPENLOG+15552 MB+DS3231+BME280+PMSX003-B+PMSX003-A,93,18,44,992.60,0.05,36504,0,728,8.18,11.62,13.61,8.18,11.62,13.61,48,48,1558.34,436.27,77.77,7.32,2.50,0.54,9.08,12.56,12.75,9.08,12.56,12.75,52,52,1703.64,486.27,75.78,3.73,0.37,0.00
2023/06/02T23:14:57z,84:f3:eb:7d:7:a8,6.01,2.0+OPENLOG+15552 MB+DS3231+BME280+PMSX003-B+PMSX003-A,93,19,44,992.59,0.05,36504,0,848,8.74,12.47,15.05,8.74,12.47,15.05,52,52,1726.53,469.12,80.89,8.88,2.25,1.47,9.38,12.45,12.98,9.38,12.45,12.98,52,52,1710.83,489.21,80.78,2.86,0.97,0.14
2023/06/02T23:16:57z,84:f3:eb:7d:7:a8,6.01,2.0+OPENLOG+15552 MB+DS3231+BME280+PMSX003-B+PMSX003-A,92,19,44,992.59,0.05,36504,0,968,8.51,12.54,12.86,8.51,12.54,12.86,52,52,1654.73,458.54,80.78,3.86,0.17,0.00,9.39,13.61,14.82,9.39,13.61,14.82,54,54,1816.71,514.48,80.55,7.04,1.43,0.79
2023/06/02T23:18:57z,84:f3:eb:7d:7:a8,6.01,2.0+OPENLOG+15552 MB+DS3231+BME280+PMSX003-B+PMSX003-A,92,19,44,992.59,0.05,36504,0,1088,9.11,13.25,14.46,9.11,13.25,14.46,53,53,1742.58,478.82,79.21,6.42,1.40,0.98,9.14,13.88,14.24,9.14,13.88,14.24,55,55,1707.78,491.72,91.66,5.38,0.62,0.00
2023/06/02T23:20:57z,84:f3:eb:7d:7:a8,6.01,2.0+OPENLOG+15552 MB+DS3231+BME280+PMSX003-B+PMSX003-A,92,19,45,992.61,0.05,36504,0,1208,8.91,13.27,13.79,8.91,13.27,13.79,53,53,1750.07,489.93,85.27,4.14,0.79,0.36,9.85,13.59,14.81,9.85,13.59,14.81,54,54,1826.08,528.66,80.86,7.15,1.80,0.95
2023/06/02T23:23:05z,84:f3:eb:7d:7:a8,6.01,2.0+OPENLOG+15552 MB+DS3231+BME280+PMSX003-B+PMSX003-A,92,20,45,992.64,nan,36656,0,127,10.26,14.37,14.51,10.26,14.37,14.51,56,56,1892.51,538.77,85.65,3.81,0.09,0.00,10.44,13.74,15.49,10.44,13.74,15.49,54,54,1887.62,544.72,75.90,5.59,2.87,0.10
2023/06/02T23:25:05z,84:f3:eb:7d:7:a8,6.01,2.0+OPENLOG+15552 MB+DS3231+BME280+PMSX003-B+PMSX003-A,92,21,46,992.59,0.05,36568,0,247,9.31,14.31,15.51,9.31,14.31,15.51,56,56,1845.00,515.13,91.31,7.42,1.27,0.62,9.97,15.71,16.56,9.97,15.71,16.56,59,59,1917.66,554.51,97.34,5.83,1.29,0.75
2023/06/02T23:27:05z,84:f3:eb:7d:7:a8,6.01,2.0+OPENLOG+15552 MB+DS3231+BME280+PMSX003-B+PMSX003-A,91,21,46,992.55,0.05,36568,0,367,9.90,13.82,14.62,9.90,13.82,14.62,55,55,1936.35,534.80,80.53,5.50,0.33,0.33,10.28,14.14,15.35,10.28,14.14,15.35,55,55,1914.32,540.49,83.61,4.56,1.93,0.46
2023/06/02T23:29:05z,84:f3:eb:7d:7:a8,6.01,2.0+OPENLOG+15552 MB+DS3231+BME280+PMSX003-B+PMSX003-A,90,25,49,992.54,0.05,36568,0,487,10.76,14.31,15.24,10.76,14.31,15.24,56,56,2005.73,564.81,74.61,2.88,1.39,0.00,11.71,16.13,18.16,11.71,16.13,18.16,59,59,2156.62,601.42,92.78,6.80,3.27,1.31
2023/06/02T23:31:05z,84:f3:eb:7d:7:a8,6.01,2.0+OPENLOG+15552 MB+DS3231+BME280+PMSX003-B+PMSX003-A,89,27,51,992.62,0.05,36568,0,607,12.41,17.71,18.04,12.41,17.71,18.04,63,63,2399.68,658.52,93.14,4.39,0.57,0.21,13.05,17.85,19.15,13.05,17.85,19.15,63,63,2398.53,677.75,97.34,5.07,1.76,0.98
2023/06/02T23:33:05z,84:f3:eb:7d:7:a8,6.01,2.0+OPENLOG+15552 MB+DS3231+BME280+PMSX003-B+PMSX003-A,89,27,51,992.61,0.05,36568,0,727,12.43,17.07,17.43,12.43,17.07,17.43,61,61,2258.14,636.62,98.05,5.04,0.39,0.39,11.95,16.74,17.00,11.95,16.74,17.00,61,61,2222.38,629.00,103.91,5.17,0.41,0.07
2023/06/02T23:35:05z,84:f3:eb:7d:7:a8,6.01,2.0+OPENLOG+15552 MB+DS3231+BME280+PMSX003-B+PMSX003-A,89,26,50,992.62,0.05,36504,0,847,10.78,14.64,16.92,10.78,14.64,16.92,56,56,2029.53,567.41,88.95,6.54,1.83,1.32,11.60,15.70,16.14,11.60,15.70,16.14,59,59,2188.21,609.11,90.25,4.07,0.70,0.00
2023/06/02T23:37:05z,84:f3:eb:7d:7:a8,6.01,2.0+OPENLOG+15552 MB+DS3231+BME280+PMSX003-B+PMSX003-A,89,25,49,992.64,0.05,36504,0,967,11.15,15.61,16.88,11.15,15.61,16.88,58,58,2123.44,589.31,83.31,7.22,1.29,0.44,11.88,16.02,16.59,11.88,16.02,16.59,59,59,2202.54,626.48,85.55,4.46,1.14,0.00
2023/06/02T23:39:05z,84:f3:eb:7d:7:a8,6.01,2.0+OPENLOG+15552 MB+DS3231+BME280+PMSX003-B+PMSX003-A,90,25,49,992.65,0.05,36504,0,1087,10.12,14.37,14.74,10.12,14.37,14.74,56,56,1920.79,543.51,85.46,5.72,0.00,0.00,10.80,15.25,16.15,10.80,15.25,16.15,58,58,2012.39,568.27,87.58,5.29,1.32,0.20
2023/06/02T23:41:05z,84:f3:eb:7d:7:a8,6.01,2.0+OPENLOG+15552 MB+DS3231+BME280+PMSX003-B+PMSX003-A,90,25,50,992.71,0.05,36504,0,1207,10.67,15.13,15.71,10.67,15.13,15.71,57,57,1976.67,549.22,80.22,6.98,1.02,0.00,10.24,15.78,16.10,10.24,15.78,16.10,59,59,2029.24,575.98,95.86,5.38,0.55,0.21
2023/06/02T23:43:13z,84:f3:eb:7d:7:a8,6.01,2.0+OPENLOG+15552 MB+DS3231+BME280+PMSX003-B+PMSX003-A,89,26,50,992.75,nan,36656,0,128,10.36,13.71,15.38,10.36,13.71,15.38,54,54,1978.79,550.14,77.07,3.90,2.24,0.57,10.71,14.54,15.41,10.71,14.54,15.41,56,56,1960.10,566.07,80.83,6.44,1.12,0.63
2023/06/02T23:45:13z,84:f3:eb:7d:7:a8,6.01,2.0+OPENLOG+15552 MB+DS3231+BME280+PMSX003-B+PMSX003-A,89,26,50,992.68,0.05,36568,0,248,10.25,14.04,14.50,10.25,14.04,14.50,55,55,2021.41,553.46,83.36,4.86,0.93,0.00,10.43,15.72,17.66,10.43,15.72,17.66,59,59,2061.31,577.84,97.47,11.36,2.90,0.41
2023/06/02T23:47:13z,84:f3:eb:7d:7:a8,6.01,2.0+OPENLOG+15552 MB+DS3231+BME280+PMSX003-B+PMSX003-A,89,26,50,992.67,0.05,36568,0,368,10.12,14.74,15.55,10.12,14.74,15.55,57,57,1929.47,542.02,94.84,5.66,0.79,0.31,10.29,14.34,15.27,10.29,14.34,15.27,56,56,2017.02,564.91,85.18,4.61,1.50,0.43
2023/06/02T23:49:13z,84:f3:eb:7d:7:a8,6.01,2.0+OPENLOG+15552 MB+DS3231+BME280+PMSX003-B+PMSX003-A,88,27,49,992.68,0.05,36568,0,488,10.00,15.22,15.72,10.00,15.22,15.72,58,58,1979.43,549.53,98.34,6.00,0.00,0.00,10.84,14.54,14.98,10.84,14.54,14.98,56,56,1987.82,567.82,77.68,6.25,0.61,0.61
2023/06/02T23:51:13z,84:f3:eb:7d:7:a8,6.01,2.0+OPENLOG+15552 MB+DS3231+BME280+PMSX003-B+PMSX003-A,88,27,50,992.76,0.05,36568,0,608,11.05,15.50,16.69,11.05,15.50,16.69,58,58,2008.19,558.84,93.57,5.48,1.72,0.97,11.24,15.51,15.81,11.24,15.51,15.81,58,58,2153.75,607.19,85.19,7.46,0.34,0.00
2023/06/02T23:53:13z,84:f3:eb:7d:7:a8,6.01,2.0+OPENLOG+15552 MB+DS3231+BME280+PMSX003-B+PMSX003-A,88,26,48,992.75,0.05,36568,0,728,10.12,15.36,16.39,10.12,15.36,16.39,58,58,1948.98,558.61,91.46,7.18,0.75,0.46,10.40,14.82,16.03,10.40,14.82,16.03,57,57,1988.85,562.98,82.67,6.50,1.90,1.03
2023/06/02T23:55:13z,84:f3:eb:7d:7:a8,6.01,2.0+OPENLOG+15552 MB+DS3231+BME280+PMSX003-B+PMSX003-A,87,25,47,992.75,0.05,36504,0,848,9.96,14.02,15.35,9.96,14.02,15.35,55,55,1903.26,529.60,84.07,5.16,1.58,1.12,9.83,14.38,15.57,9.83,14.38,15.57,56,56,1885.45,537.00,86.97,5.79,1.79,0.90
2023/06/02T23:57:13z,84:f3:eb:7d:7:a8,6.01,2.0+OPENLOG+15552 MB+DS3231+BME280+PMSX003-B+PMSX003-A,87,25,47,992.73,0.05,36504,0,968,9.84,13.81,14.95,9.84,13.81,14.95,55,55,1903.24,521.52,80.50,5.86,1.38,0.52,10.00,14.39,15.57,10.00,14.39,15.57,56,56,1870.34,535.00,95.88,5.39,1.36,0.96
2023/06/02T23:59:13z,84:f3:eb:7d:7:a8,6.01,2.0+OPENLOG+15552 MB+DS3231+BME280+PMSX003-B+PMSX003-A,87,25,47,992.73,0.05,36504,0,1088,8.68,12.32,12.83,8.68,12.32,12.83,51,51,1668.76,462.39,77.86,3.69,0.47,0.10,10.24,14.48,15.33,10.24,14.48,15.33,56,56,1922.48,548.50,89.21,4.10,1.17,0.69